10 2 10 1103515245 12345 6789 100000007 100
1 2 3 4 5 6 7 8 9 10
0.892 3356886 99529223
0.783 29958838 18728463
0.921 90825067 99410741
0.968 11668732 79254563
0.827 3999315 12575562
0.766 67827638 80801586
0.708 26687537 96102525
0.895 73140807 56306997
0.766 79089901 37338124
0.943 872248 21429110
0.909 45667651 37295260
0.747 45176955 13718431
0.728 12981052 48181396
0.954 81030736 35503389
0.942 97942942 61662963
0.861 50806024 10576383
0.866 84374605 83016315
0.966 48537831 77490893
0.758 9335534 6150444
0.898 38840994 10709497
0.957 13556182 51019678
0.783 85320121 48966946
0.749 47683626 28119557
0.901 94196727 91744214
0.894 81756179 85225343
0.751 97861742 32857966
0.749 50929647 36231783
0.997 85899313 92363534
0.867 91887369 43524491
0.953 7507864 30742311
0.947 42339391 53843426
0.78 28317637 76125617
0.963 42235350 28538251
0.897 53100814 86282117
0.838 35551614 18740864
0.774 75345555 72340307
0.779 78461803 57503414
0.969 53606628 48586340
0.766 18566572 68387461
0.848 6323852 14716857
0.746 21472420 91332642
0.827 8526544 51642594
0.814 62820592 71016525
0.775 74252722 1540956
0.904 15374874 91497616
0.965 35812670 86028436
0.802 39392920 58353204
0.747 435578 96917555
0.963 35351479 67187530
0.929 68139880 14282218
0.961 40056581 85758349
0.852 26697396 20513739
0.812 21682744 72394227
0.986 71182864 76758
0.88 65579548 2614124
0.734 48718453 41273847
0.772 32329237 76149359
0.984 11496211 98234974
0.846 9289546 71498611
0.93 17232410 88550256
0.843 73793389 22162965
0.78 81415657 56792612
0.989 72383095 97969689
0.907 95690391 41837852
0.82 90152297 87225156
0.812 69467853 60597444
0.736 30158366 8593410
0.801 78961459 74346088
0.769 29557077 965138
0.721 84705205 7901903
0.769 4216175 44349361
0.721 31944441 37376585
0.901 28754377 72374753
0.74 76644106 77337818
0.842 63481353 54634663
0.757 13009833 88447167
0.829 56851760 55177213
0.84 97854904 7270733
0.902 86728778 13209423
0.718 97739173 45540424
0.94 14665841 33374088
0.757 71979055 60211891
0.742 24627347 37385696
0.839 10117988 59476001
0.942 73863413 13141087
0.715 72556484 1980765
0.991 31726318 22321899
0.822 64606833 28688676
0.959 7869910 22097220
0.814 52401521 35594951
0.978 61070189 38285503
0.827 98046763 74593961
0.899 65319931 20776478
0.757 29219319 7849494
0.874 72772208 8181586
0.924 7672593 6729990
0.875 67491435 71286543
0.747 68159587 10752378
0.955 9196777 79864260
0.72 31568532 54193837
