1000 10 50 1103515245 12345 6789 100000007 1000
1 2 3 4 5 6 7 8 9 10 11 12 13 14 15 16 17 18 19 20 21 22 23 24 25 26 27 28 29 30 31 32 33 34 35 36 37 38 39 40 41 42 43 44 45 46 47 48 49 50
0.801 60552489 62753631 58049927 54888712 49326617 66779099 42549761 36644052 51320957 3317620
0.754 31378816 35651567 86618062 10185574 48196637 11062025 39529512 67345747 68825641 73370374
0.893 37101128 30566959 13208247 15916596 9576257 48350177 5138040 73286377 26884696 44796219
0.759 44190018 33557605 40629797 91743095 36838009 25587594 94709751 81072076 18503943 96124771
0.922 35049006 1145397 40194740 37828631 46524207 54198613 54459981 77840078 87954019 1595945
0.842 68806311 20036175 53352256 30545068 30457532 97084499 28168948 63678024 31369795 69232906
0.876 74170763 62912993 96973697 61928212 45722553 11526062 42020192 25212337 57551618 93676091
0.825 58878740 60394210 74953463 4040500 50291405 18649583 77511871 17226260 41013170 99026519
0.703 88429098 47601987 45610169 30264841 56257000 57139083 92041525 54139232 92679838 72155988
0.79 78779778 3119198 76178952 4323017 18674348 20628088 44325475 76261289 84535600 80933663
0.974 77024699 52463815 51179711 27407879 52430296 8550910 71738111 51866272 25278389 63723578
0.733 76439010 60604045 85765571 40888822 12514663 23008094 14000677 90581603 74209891 23841913
0.71 92479309 80982133 65580570 3602203 25057390 26709158 9326928 51793831 38093356 27634396
0.77 88525972 70383199 9392480 61023927 7711235 49479669 69596144 1482715 23062057 43858604
0.958 55144861 52493261 21076941 14863801 17332564 72001505 56158469 64189781 99742932 9229212
0.817 27713235 17439215 27605500 41574904 58008992 95250511 89226958 63723896 21311258 81028510
0.873 41649604 78851835 27242553 67441055 96203515 91917122 61600090 36969062 27072082 999023
0.997 59825080 8585913 53584671 81181404 33130320 70579265 44143064 76400632 65895351 61767610
0.839 5245871 98957484 12227594 38642865 86744801 61244438 46544270 93994894 95515768 39922892
0.817 23505052 55707438 33438309 24102565 82911191 98414337 57992341 61448654 51628861 88460225
0.755 76318249 12822379 52821563 93770511 5860545 32171352 21197304 36745629 84299900 72173911
0.788 8958209 93689878 97514246 96960146 29159454 66234781 55200819 74198767 16271298 49490380
0.723 14123001 67698729 43756742 55042162 60523603 22124330 33925761 27833011 67922837 5990830
0.839 9824132 85747226 93212294 90680458 61995701 51157834 46124957 53598753 26092407 53240727
0.711 33635732 15392453 95173737 18318112 43904009 89965548 62309982 65063283 61922288 9158638
0.725 88184081 32520097 95775292 58750274 18824809 63188059 37465789 21658249 22896080 2424794
0.882 23788294 39479427 16663316 71760022 99515262 52458932 22609429 10413322 90112729 1504663
0.903 20601948 59144114 48061622 23882733 29081281 95886792 4623108 90602889 71443936 29013376
0.833 6409704 85200126 70179022 86035199 88924605 96154980 88589123 13796681 52427912 92656767
0.792 7035056 80289763 626224 6531664 50653170 27076822 33514137 50283960 32016340 26841625
0.727 56597298 3750602 1954205 45247029 25790180 91262622 89784876 8478733 29604115 12965862
0.939 89135168 22532859 97175178 22420703 5907259 55791626 68786599 14453078 43908184 43309319
0.869 25440639 83842238 27799083 72706099 53024581 57429121 16214033 31193292 28693064 14211686
0.807 23303091 2012537 53974248 87777422 42445044 1608113 52235749 28557229 61575863 29540811
0.72 37373949 87234140 83739701 49523652 5897385 9037049 29334741 55176483 40471241 80378849
0.85 13665188 95634306 71965066 76397410 23012852 33814834 12716400 80512805 43534095 84674464
0.909 90986267 93109622 17841755 44566533 23532534 85275696 92291478 42676804 89438746 64710444
0.72 2368781 81675959 78522325 60251890 51321020 68588767 85978796 99564579 31195619 67567894
0.876 1783979 31219836 2847211 82724918 16650536 41452961 31728577 99041044 57512010 32688154
0.886 8042731 18462384 50267710 66937935 39810955 27113563 20356881 50432035 27432134 86173002
0.711 97349248 80272292 59555922 99221211 44116005 18021013 37329499 42619317 86382807 5316025
0.856 55686049 86979318 38715788 3180065 30737204 98364566 44462343 46000229 32514108 27624348
0.862 89255596 33331368 92254533 93452857 96569953 29855935 81612860 51202173 69990777 43169386
0.755 84527978 811032 8672730 65987111 9393216 25832275 6993664 85143291 18996104 27409946
0.738 23310374 79541539 73665010 27430524 31717008 68105370 10491063 57208939 97306390 62689644
0.793 96861413 26512868 32873271 56910568 23680772 81315976 33416111 40681488 38299416 77366028
0.834 85309294 27031585 36488536 64581639 10739561 48262270 53451468 50696383 22517176 63178094
0.832 67819218 81791507 98640380 58174055 20921653 64693042 2658997 51193233 57364292 11171324
0.928 40296396 79884158 72101452 20508295 74202557 97529075 23581963 34533110 51063166 62230215
0.792 38013916 50351362 75449435 81339346 64537834 9655576 44725929 18341704 95947337 62982807
0.759 25451146 561104 1722586 67202790 98028419 97354208 50232033 65961801 54298487 55810437
0.982 99615590 50082660 51544630 65706438 41313669 86040102 78961498 9560913 54866540 5211257
0.998 16707088 51650472 75914700 21791910 26068867 58558918 34260204 96938122 46785439 68398476
0.913 85225538 92407482 49416355 93476663 7744982 87363169 51718540 56913730 98739178 33123836
0.773 4631527 48508204 84685039 94832737 90788307 3792466 93613029 89345471 86615201 19848692
0.778 61132251 91411196 19779316 34129962 33207452 80819114 77623721 88933292 21666421 1655896
0.735 12389075 86489553 95510605 51586279 53373950 94767080 78673120 10784168 69596863 25343427
0.963 22256467 57293719 33939802 92856763 40563223 67195678 71565068 88380502 51377017 78662295
0.792 55245223 97663808 11928391 14666517 85386667 76854640 46223620 19154679 36107432 28122043
0.979 53414658 93819399 41352528 861718 22602089 65997979 211873 13001760 9373966 93458046
0.825 55947629 87848347 38700374 98387263 57841075 22902142 23676181 50284858 25018189 94495615
0.74 65293067 24425523 67459675 14795927 60486666 76113817 28531115 24915916 26969824 7916438
0.925 25754346 34809624 54867187 59153839 84132688 83808429 14655964 85420677 22297072 10711890
0.788 50697866 16734478 37146394 8625158 45922853 3981790 78604129 31511655 64142265 65121683
0.902 13530374 1275951 8194860 35712753 969945 89298044 78174504 5618266 12997893 28329115
0.857 974683 50421010 80931259 69803166 35679876 65219904 63516094 45235396 81117376 57640289
0.801 91517699 46047075 42308622 32158168 48480869 89265296 53481919 50792779 81981404 7682829
0.993 44326109 13445578 414016 61326664 93725349 53929804 97337405 18637880 3446768 80786882
0.737 71219864 37509496 93853708 33358157 49449823 60655417 82993759 92098177 88432853 63780187
0.854 88614357 25224200 419981 85640742 43242747 2232081 85064149 48345978 6141035 98759153
0.798 59633763 31347711 81438353 65033340 53709262 99214366 82220752 10921193 46752592 57433950
0.982 63904001 88360765 93885264 13482938 98553090 51654839 39441620 81493489 26182785 95555234
0.743 69800523 76758128 96189232 67731180 4260842 17161260 66830369 11689007 40446284 90336873
0.999 62653244 22555671 59899586 15526124 64715566 88938318 72567218 32333267 32662689 28405950
0.751 88549488 93940196 12003335 14155900 58370404 96068373 3922081 21506414 43822194 51471131
0.93 29578370 96526032 34578317 89379971 63928214 90006579 16521948 89318726 18220919 71745187
0.89 66029590 12138886 92849750 44667809 30038761 77305664 80621827 8679461 86434410 46066984
0.813 96293533 99719452 98784581 97311622 51224263 87767609 86181498 75416933 58648080 31322048
0.767 15527644 39054205 11768256 14949509 11964091 45665951 99399128 79483803 25253920 99940902
0.983 76885150 49356828 17101682 42060116 51028923 77432467 98907445 225283 41714724 8306055
0.877 25482265 52096010 56867849 42901755 48992670 91174393 16952687 69759849 89086047 80747752
0.877 14305720 53057930 1233262 72248455 61821057 42402900 19421410 39838982 29380829 67086404
0.904 19787096 80727321 38036341 19578433 89301859 94350608 4609555 80380354 42968377 41458705
0.851 92422327 16571059 36702178 94827813 77037211 64194023 84701730 28951443 66441201 39123810
0.911 50560976 7893691 44713904 20495346 96202745 28268009 98335705 30208616 94007091 98747415
0.716 24027688 65431766 97629366 52587561 40144760 88483078 21366552 2894515 73543652 52651678
0.801 90986021 63541573 46748995 52527814 52487600 9639949 70846080 97543351 37988968 37898265
0.909 26184828 94101212 73552661 52851244 13062011 17569192 43408507 77897778 7264306 95239226
0.791 87863486 21970699 77464756 18463119 59308631 93409569 64752231 39068306 19437798 28154362
0.765 26260378 98692831 87407684 1225745 48617120 97436367 77266743 13683207 91042274 19811269
0.813 57325876 91193599 22578497 7560687 12891308 47725656 63602527 24109916 7042688 15750026
0.994 87254650 45430797 79643778 58226527 19940502 84150830 96979075 54223156 32883478 4562440
0.736 53236763 65582257 40626311 92339663 80014633 23150813 87616925 50381528 92851132 90024647
0.898 62233240 87283256 51284717 36938871 84870367 87670412 59742764 49301266 1557250 16106179
0.735 16381483 65661787 86088502 89763770 68417285 30190270 3090599 78765739 76904329 76857173
0.844 93110307 12690720 79574873 24306373 51534222 64987079 86516297 94319761 58204387 40045650
0.871 13346779 43651494 8522597 95800338 72143514 24815495 54402540 94051987 2650315 52854477
0.867 71996642 71147161 65573851 8580762 69645728 78479996 72340910 95797785 87469782 16654987
0.926 27845315 88393430 15747238 24248334 80410190 93310297 24150810 714575 74453495 60026580
0.94 16514861 5253706 17289389 77186069 27679708 87595925 21637275 11787125 75496963 34461808
0.955 4698329 11356205 16739248 67934076 40074450 48796148 73071775 23032191 56780987 88336655
0.7 40345846 6196330 69718468 39379055 88470632 71686010 59716190 18771026 77453221 65826121
0.909 70151077 47260360 81359046 72237254 68530276 28164181 92332443 13288780 88934947 6004304
0.771 25242818 19014267 40226291 28885391 18013093 80818451 74097665 28996393 79427788 48192910
0.783 97858736 83525402 56641896 9980384 73799431 34221141 34987131 51241954 87210510 21920355
0.82 11174172 34115380 90801738 57088619 93216275 19225877 71927860 27348593 9470140 84499213
0.92 84975906 93523306 86647103 25854014 95891180 49948088 75650769 88223735 86942366 68642629
0.881 56329364 20601268 42461165 58200448 50860721 3477562 81014793 33218577 10405175 36255595
0.737 14762625 91802140 73600812 54597257 8852915 44205616 85923168 11941909 48696806 44763940
0.933 19640030 30301728 36728250 1323834 13146204 50621018 29826611 50819173 14093227 16576358
0.753 97754450 41144384 79031028 65715496 12823236 70995825 46828593 94013550 76793756 37848959
0.865 81532833 13296433 6437523 22917330 42680752 52286305 24249450 46328320 99495217 90974370
0.99 71361168 74044121 79808139 54042937 64003316 79498519 17122451 34770583 1274728 92161723
0.854 20869686 88256603 16960874 19148862 50841764 76176717 98706720 35885781 7095369 97364126
0.892 49680785 94959366 33435196 91028506 81698732 56135725 94863313 61443076 24575873 58916214
0.996 62903261 67408068 38496283 37020332 57413657 69873032 96430982 30704198 40961563 85313518
0.957 41025192 54561490 41974837 12098465 85184862 10666936 10293588 97972637 32217185 12567290
0.75 7705644 11352822 99778728 38366253 74378065 66149278 1435415 56906118 90869839 68274190
0.98 18311107 64378331 66814283 69123671 91955499 90835090 71458772 93668130 16735821 54421457
0.704 25526064 978481 95852942 57039703 94300263 71715863 46313253 32779491 99184639 88741286
0.985 70881914 91815408 81764582 5684923 81520297 60217057 22620027 90532832 70265183 30208193
0.752 49264742 17893746 68945564 47417986 6832563 56736822 66505939 50881238 22881970 50101289
0.991 45360034 91142316 33522920 72359410 15819626 38931830 40154990 64843897 39398948 35534249
0.764 99056135 84715069 76348673 52830980 29187415 40912220 86298460 69193132 4755216 62150455
0.968 65534015 7717080 47747160 790690 82615071 61787651 44097476 40043946 47498680 14383316
0.702 96963395 24985664 53964665 47584523 1189670 13601326 57821509 66041312 26513965 11374117
0.859 20630696 55125778 16621878 65419352 927505 20888358 88131849 33572518 30345988 63176107
0.819 40169346 48921784 57491018 24452059 71998064 36169218 14588794 58864146 88084362 58969458
0.749 47477880 58245146 779834 48215939 95189821 26637470 14853291 25443261 38238599 5403110
0.74 56513148 99847787 44454724 4242158 21516779 89416497 26708243 64329883 89287389 35675021
0.736 65641573 73836349 66513956 91501121 95874536 17103900 43605688 53670451 67358318 97441339
0.977 52190363 17638581 14728084 14479352 2839001 16928020 20876492 46187078 67108989 1831931
0.93 31743155 6984668 91041269 45921387 57668666 80139636 98976388 1077619 58294586 64450415
0.787 65220319 11088383 57572954 33252079 82894635 20467629 97878086 68617449 25079956 33482865
0.784 15437721 35370495 94080690 33199341 89433358 57600736 26630469 63604818 94819576 13833135
0.91 67422120 82020513 24318675 25322723 79349010 84410590 85158087 19961679 30787425 16168027
0.74 5149455 36757086 25793612 19623857 57217417 2370465 82740848 26795696 12205146 6839113
0.814 70460439 41130478 93973731 85001425 31061693 29766168 45121027 57186933 64316496 8234220
0.853 86419192 6933082 40841111 14771325 36137598 48798364 37655580 47113712 95507402 56112969
0.774 6382911 24394290 5488046 71931 6996855 88641515 99959284 43169737 28451145 38294595
0.842 81405981 13524006 57835429 24808805 33858172 65939337 48799048 44866590 40850064 14969117
0.729 1833626 91665542 74057077 17489655 44454486 48394712 99494541 48504268 99714647 79042306
0.859 49874272 31977671 87274855 37036972 28190192 78427071 51546232 11707969 14276138 17513454
0.889 80776943 16153687 5508152 78726945 87826062 25559565 25894291 94577871 59830209 13238889
0.722 73360594 83082165 46022986 40463479 97354917 63645847 27111862 71612882 96740040 20625554
0.713 25730441 56131539 73886279 95509755 33893399 75208373 46619122 49125302 60194264 84539000
0.915 58535809 9087680 64803086 56237786 70298247 67628209 2935999 22405653 80417043 36795607
0.909 17305260 38877018 6099554 75990691 8159550 93120707 25526992 99417110 53350718 66441251
0.905 68919151 10064387 22215479 58753131 68354185 51559796 75497282 52378052 53801036 81499471
0.781 24704966 483257 21475246 76758847 29233657 79472028 93512410 1189346 68826270 61128254
0.851 96714498 70474132 34740194 40723023 29573041 39777260 95060337 36039426 74108442 15985787
0.751 6122001 71613988 31972914 39170544 5246661 85847718 19882943 37279846 17847118 36297151
0.962 6914893 86223229 33421297 28182016 71752116 15594065 187899 87059725 46635546 84917258
0.882 49541127 43561957 11173109 94685468 73722452 35438604 96915882 17933045 54806853 82071729
0.788 7685767 84014298 1396963 47712141 29431208 98042919 37539330 23721002 34358021 2098962
0.861 78283995 14286501 96986024 92357284 51268618 87754868 34540283 84051119 85135048 81113368
0.865 59349051 29613670 43521847 36076853 27369495 78069593 84530413 53078200 20889845 59868610
0.77 97480473 58237550 49478024 19909077 64291216 12575001 66566782 24362335 61658297 24834040
0.945 23637158 25348349 76458200 65836262 97909147 24213769 86914605 37855338 2824921 41629000
0.749 23855089 52908270 92256813 81580498 25212534 9321974 19263245 9670211 57229772 32917412
0.837 86586373 54023212 13453152 97214829 70703020 18426925 97544696 1582229 80972685 13385526
0.813 2780443 14768716 1818926 86500924 5870689 17740771 33332025 11220004 35924244 19144226
0.982 80481940 1811523 1261132 14272571 72795691 98801898 45417925 94953104 11403835 27155151
0.742 75544613 59636452 21896876 41256515 44527579 64277995 20738427 32723471 7499483 72950883
0.908 84219725 72962489 16518916 2846476 5976158 13799637 73100625 39827566 13766187 68658060
0.966 55738565 19036775 162459 30106747 3221342 30423822 57329147 51725238 19780540 47420453
0.897 30317689 91860958 51639439 92176210 95945703 15087236 66011040 22757831 14782157 30134894
0.731 37824471 47957055 10239462 82637421 44791783 15884798 48384619 11382241 5817913 81135473
0.745 57529530 71199906 44942009 80478491 24342463 91191995 57075357 20162191 89559917 92229150
0.79 38521233 46759534 13948250 36385523 67008305 88816127 49541440 35621515 95469966 10250139
0.937 19950518 88027250 19674854 42984033 19834720 52425387 59954440 96817080 64214057 9034683
0.734 57371791 97537060 37376435 19416986 12139593 43359494 17117558 24410491 51676160 47326346
0.796 56885777 64597455 93069368 55558669 80764593 85443567 44756934 18551745 87772249 33005229
0.815 73731067 66719940 72309430 71641483 66115841 71467508 71969231 30885447 51623796 11222980
0.874 56618508 70725487 77561262 93079853 29438509 94367587 11710526 31567079 48547818 384682
0.761 2302458 48640295 74943752 63609317 17930505 14784930 7996341 46888632 48433612 18703143
0.788 19346175 74021128 56515994 32547451 28284690 30143583 7498162 18495379 15735123 93386109
0.911 50661928 98392536 3536218 93431984 57003442 49886613 7258943 94140551 14228398 88952439
0.874 63998578 79715350 21229647 4051460 19714795 49022249 18961944 10602300 32889491 10343529
0.704 55900995 20094705 24484603 63050755 99798657 18805567 70793145 93759662 40199242 63107095
0.823 45276604 59589132 86549919 93314476 1772938 38489493 14933959 20922844 8053170 86228754
0.71 23297540 67551168 21521650 1458621 53202657 56857416 91255108 60974645 74377548 95483399
0.949 76781282 67360178 41075182 95207723 30509683 56864059 21045425 36484083 12339511 69994685
0.813 16795114 99741856 28435937 53741103 83086647 7515766 29381121 52652401 24654960 75067208
0.882 10362848 92935924 62872428 64077726 42035604 87603904 86153129 54371584 51065827 22122351
0.716 49858951 86791517 56938098 26136297 36227990 14549320 14012339 10443290 48680988 80958813
0.934 45026244 3764654 32149161 37877173 21845331 72688015 14289429 8766990 28442071 80142849
0.703 41489399 25198547 74046763 27075194 85683115 4344197 32257238 36127119 11413788 76520583
0.869 75663810 64935475 6131148 6449014 42222252 12510559 41420243 1137995 47868637 37903378
0.988 67137866 26156848 42207776 52430988 97400211 47759672 17383462 94309000 90554878 13070100
0.799 99515914 67589149 13556377 67401071 20157712 3178988 78809362 51286168 64015552 78699665
0.961 5020855 38939164 21638985 20339060 91586685 62157065 10570029 84013952 12521287 96430432
0.769 28943676 91463977 87807942 18906261 96442757 21615365 67326285 69296719 97807228 81703555
0.895 45823984 60059776 17609040 45502589 39036097 48360842 83680829 57834613 5370440 95665360
0.932 52027391 32092885 28027431 81924787 81453658 10066099 20454970 76088145 84260499 66776383
0.729 2005448 19142470 41546065 73435357 11699448 66962870 12631766 61043277 42106611 22779115
0.98 21672470 9148527 37596710 77378080 48765094 47428314 11976146 9547433 24049971 95382503
0.932 34620670 63520009 34363268 59330327 87280725 18850509 16638464 76334111 65533013 5314034
0.809 38470165 53813150 54899510 83172511 91346543 17311971 59166889 49221971 68783800 83836675
0.986 50154896 11205911 91563454 55457991 67906443 60410362 35276100 91611060 5727818 83297363
0.993 7658285 99461048 32858752 93918223 75269356 1066084 20744991 14132859 39011805 50441933
0.747 53590510 9795032 29937437 52106408 62045979 89811868 12549776 46833660 62529032 62879488
0.893 62391513 14645711 11518907 24195880 98217597 14542266 53277039 58131630 26772544 53891165
0.799 42585253 45959309 81117090 65269412 28539411 94259880 99493556 63917095 15344634 37362868
0.836 73159563 20903218 63077976 19530531 85928388 28651477 42974720 76263395 4204135 80675244
0.932 8375220 48518736 57728351 63539966 28644859 7258161 28386094 3079321 91760827 56763408
0.781 85320504 23636496 11219432 19023738 9295792 36762949 54367371 10966811 40042087 95590765
0.835 56334114 70434503 28736673 89878149 34822417 24706569 7213167 12407255 57516899 45905032
0.989 39849912 22083283 26656353 46879065 56250794 64642647 63820451 71874437 92453263 21567333
0.99 58624154 47606004 92999656 76546634 52229213 1332984 75283856 80145249 26650269 10443308
0.917 77643527 82746890 19410197 43450650 89129018 98563672 99701806 98880788 98398589 42481963
0.704 61560177 19795314 67034462 42467541 15248056 90455408 54544291 35272780 69886056 96943591
0.701 60473000 16873477 85133372 60307870 85753906 77628449 13078988 4897064 29343051 25186888
0.826 73294452 22293702 80657252 50674785 29009455 46719252 28153923 25656926 91218158 77421674
0.987 49694974 48827665 2173155 40526300 41200201 67388734 16743037 93860758 66992183 87095450
1.0 55573350 55081185 47208264 47272989 72808690 57156511 70218664 45073885 15217605 23597329
0.838 50079518 23742466 74189328 79845027 21831471 72848400 58502308 51212562 38255801 88530765
0.907 58719406 85108432 38016951 94233276 83265522 13317762 11760181 13933416 12031000 87191136
0.705 55201022 13915063 66626341 83728466 73112925 13381785 85030306 59606543 67560039 78011850
0.942 89618537 38910317 56457460 28436861 29914362 61019389 74032876 51147669 15368078 26247650
0.957 16702129 47058571 62269929 55423162 86551565 94467128 99475879 53124525 1020743 50283839
0.935 68123659 38064741 35917890 88406780 35500464 41258084 55662309 90368905 32420888 558017
0.97 55640853 4385512 2084410 3522788 20585690 50251887 69654067 99488277 80523345 42610231
0.801 76797698 57716265 32458022 74590103 52527771 25858441 82714079 86494515 52790213 6923083
0.94 77558199 57593155 17296700 85399182 52400170 97725633 23315937 54105718 42698007 69427754
0.748 31000202 13365122 95297923 16955763 67680235 15887718 84750585 77434736 52614983 84197247
0.975 74209721 21347754 43272417 27348550 12516397 12517871 3441373 58709658 1548620 84408740
0.931 20541837 3733713 82959929 94969231 72970485 10572666 76744869 51325510 3394349 99635137
0.92 60895423 85156202 84758735 48066234 25039011 32174926 87580116 29763482 39852264 26015276
0.861 32917490 97484029 50748656 34960996 88484070 6945615 36905154 11135154 19296419 84213304
0.707 77759654 13880694 14888976 61623079 79979598 16466411 14371585 19036823 37911547 35164329
0.968 12452337 10385959 66336447 48505926 27913590 52452316 13511929 65905864 2947014 55531931
0.722 83977718 10242515 28225447 92252731 56358979 50365788 42088657 85033882 60515891 21622965
0.754 1361006 23981630 88538924 76140891 84720028 81423836 4221211 15731275 46011239 46544523
0.845 82410355 80529679 73347676 673042 21258513 70027905 99548863 34158548 16320018 25883252
0.882 71934552 3092131 69524101 68685213 20447536 29032170 48974793 15406645 29119581 3959103
0.798 29495837 11199497 97676132 92825211 16989313 35915393 36730893 64635885 26741208 12343983
0.805 74020689 87499829 39503079 62685550 66545378 58527249 68807596 53679326 25911301 33566934
0.752 92215290 96287279 37726289 52724203 13810279 78335942 78863503 41820248 22233584 27626276
0.986 65475674 58179582 59882277 56873060 80038028 36463456 42781724 83605694 14436339 81509842
0.815 26806068 76120515 47367517 50192126 84919350 8625670 60317901 22447787 4531191 68633149
0.776 55003534 39389352 81051682 86583583 71202261 47278642 53459816 4018472 15388056 24146337
0.943 57631320 24953074 48015656 32926044 9749620 28881529 88174955 49883400 49924201 19466895
0.934 16415312 1292919 42760310 92381044 1463110 96207619 44140102 28692049 62461793 76164433
0.939 31225585 75382123 8889930 51753132 38066060 80772485 28477668 70767956 29187446 13813714
0.868 96135544 81591543 90106396 10042733 77034049 86740906 56606345 91554196 58412302 42652151
0.944 26595298 26457435 6665217 66294734 66927800 6280294 36831418 56537506 16006675 16655437
0.836 80722659 43872387 79345641 51386266 31732012 77364953 2854636 38257007 2393947 86391469
0.935 77277029 623711 61977968 38166934 17590313 54064349 4967155 71600729 70801688 5250630
0.801 2184030 9321973 63068018 12766765 55710942 97073464 40399304 36866059 42572475 46415774
0.82 74685481 42033591 66279210 82184286 6318000 52791522 40056450 93476867 61012928 66214520
0.955 16295769 50184824 82943469 13790014 3930993 30066698 6420202 1395331 18620619 14111073
0.998 92287963 97207640 58476310 30379009 22842710 11813404 25657019 97188118 49510172 72149862
0.997 92374176 7045220 34854691 5781587 14871807 6442905 40841125 10071990 35396856 44201786
0.906 50943206 36226982 93773206 22862463 18490280 78309763 61833270 16092896 16950183 42860106
0.959 78400641 55471370 85483760 59965761 89689017 16424667 70029938 70811787 32282510 77562374
0.843 65780623 37653656 43206211 98094983 64787744 30310459 12321103 35408251 39759879 95479992
0.725 74962645 32531190 88514011 86856891 98686037 27634253 93276632 10471228 10085710 66384860
0.718 1762024 89992846 29009211 62834081 51681908 25221850 65450681 14030412 45694444 28006066
0.944 70819264 68978156 42058336 41852500 95094919 60937796 87951446 20669385 67714375 14181508
0.974 29364802 48807442 51751100 60724380 83279154 68915977 27248980 53714593 25226688 9212612
0.783 22038057 92109063 41224542 77476147 87024488 13698845 19768893 61868214 14384568 99995696
0.733 2226394 61853813 25102710 35803474 3836781 63919907 88836768 71254233 60752435 47238845
0.78 73860588 11283250 47570364 57911411 28463020 20215880 53274774 67402853 57827496 68172784
0.8 59235732 36586258 49631122 13128198 6594707 87056537 51341304 98247592 56718851 26029062
0.788 54048419 23708904 79731929 37034120 71076709 81530308 66252048 69607791 58192155 14654503
0.904 86750938 33412730 14909280 29471497 15460259 7132030 4789956 77206131 35725839 32046782
0.72 13560284 36971545 30395619 83244618 93886948 96076179 54299043 52601013 52732189 13596829
0.766 92836226 36006180 66460815 27609308 22955139 27323438 46658526 85483165 38653705 94738032
0.879 98500011 416997 12649023 24840859 67543749 94015656 83499311 63989419 99199081 40979918
0.956 92333196 32026965 22848229 42293683 91461662 9322043 22366774 25144941 44581131 61098100
0.743 1709239 89393218 63699826 57434792 44835989 2795332 23825666 35410956 10331687 22914336
0.904 1306458 79726022 47263919 63596407 78270257 135086 65539501 33220287 63427036 14681540
0.714 2334156 76137251 91274263 39011532 30640252 70500436 67531176 22455261 19674031 12604400
0.73 98809274 45053851 60749138 65855518 98625200 47081034 73244637 34539524 89041184 65296027
0.776 61572485 1820133 47328711 40417525 95315679 44793672 69502107 89112118 79959344 65009006
0.734 92044391 69700460 97739435 85872544 2781968 19850853 55072076 29562206 88498728 19009676
0.807 4147955 32798491 77522039 99457004 93389511 57810328 48240526 27690126 99906995 11982151
0.758 50704539 85729393 14486341 36765441 84139980 91107198 73137443 60299910 70720244 23481693
0.78 91142744 46821190 44452330 52482651 79074084 56008290 37077262 41516670 25578230 5516345
0.874 94198784 46073515 82190565 16503581 58177965 61072780 76056143 46573258 38709538 14789528
0.991 66964850 92009836 19747600 62588071 91391947 20163227 70220858 38893851 83724365 74912396
0.899 40754622 65340518 38689596 8672678 39557552 2092776 60915814 5496631 29168908 37985938
0.948 16567268 7139481 65547434 41046667 683201 57756952 47278935 88617699 86129 6697739
0.775 47005495 38019256 67376391 89298543 75262472 20808715 11543189 95723694 36328564 19145387
0.999 26404306 57988874 78547547 10833778 39030787 29374592 4313313 63508844 47597933 33383774
0.944 85502685 51840367 56715484 53568120 13171952 35065845 40536794 80133190 41706253 23260196
0.869 91123530 43282519 77600317 18679934 91713816 26777331 33557176 18212104 55876491 74394708
0.76 40935883 11488759 39907513 76056500 84331525 61895093 73260153 24611796 50461294 58638761
0.729 70675216 59310992 93165006 42045107 67620927 91961058 95643352 47990755 62864748 47539093
0.828 56439314 55063980 61912488 3714198 75015510 3546316 56494741 11868737 18869078 82571893
0.972 32567348 77889556 68747232 50078131 17082542 83334410 72916404 75910137 39371856 7185483
0.927 52701842 16902822 54081976 89936512 798977 62117013 69525894 61769783 7294228 11362751
0.716 87225409 14367862 44759391 79770922 13072680 39000574 75892528 64621527 92689810 44467352
0.959 16299760 99384595 78466030 90518180 68561216 99235678 96227585 7116259 94163489 27523284
0.855 75436973 99378042 66478665 18307667 30003511 90688336 85854802 20773615 40385068 84320873
0.793 865811 65089577 83706754 92311557 26937481 15395963 9011655 4793 20538276 81039410
0.964 69769403 13000817 33179439 27419830 13905899 63584629 3309323 67887931 59567958 52440731
0.717 16349251 40255085 54298766 64923735 24701959 31531482 73379415 34933052 82243262 91445282
0.832 88336648 82833614 16535158 58029531 19628855 85388938 2906871 24804490 19016797 99938317
0.897 22921098 68654380 99544553 93902569 73374285 26890661 63908898 64487117 38927998 38849191
0.9 79022539 66164526 49303460 89617131 36934215 52504528 51783989 93637360 14406372 62272153
0.825 57020114 19886575 3754158 38040286 61348545 16123105 75726861 52268329 1479031 77918501
0.791 86585062 87298206 88206742 83198410 59657013 5721942 47610634 18697002 62801428 97048177
0.838 1224073 21248616 48016078 67194545 67539115 28290431 46819717 94787863 70471776 52428709
0.854 23420574 88035991 20320928 47226789 88037888 96530612 75584413 45538877 61670595 95990147
0.958 18795756 37358181 88374850 40658560 52872219 9155005 86588420 64927109 50536025 63317523
0.882 24209460 77314639 95093284 68045733 88436745 70522545 34792727 17370722 93652930 43496826
0.877 77943552 46720549 78449352 82876094 54193609 9069088 6030286 3962354 98365153 21364734
0.77 89289816 14256665 67032883 91177092 63943071 43440826 31076043 98334222 31758221 14150817
0.97 23353610 97732404 51550809 56378982 8639582 8311653 82128314 33619373 15364411 5022195
0.954 9782015 59260945 50240663 81407521 84730853 3953980 23362909 43105260 14450015 93781379
0.835 17880034 85549812 77011402 74687900 26807901 26268818 33889297 65914731 58722249 91113573
0.786 27003632 99610211 21755295 58258950 70938021 25809507 11545180 78129206 3253847 84438474
0.988 12912566 27318624 4461288 18865991 702802 48259460 54764506 76275267 73360838 9658994
0.802 91584970 97975869 97748559 86198970 70887697 66595544 25519742 27846793 76553774 63583349
0.85 47846632 83010827 74987083 18505072 9013348 58905216 57379655 83949256 50481733 9511690
0.871 17071472 69423699 40027348 13544314 15827960 66936024 30947052 6909395 80730565 72549785
0.799 30067619 38909246 33739900 52402145 94391746 48037222 9120472 21188015 38663966 10036415
0.86 32399944 69492537 82040231 67115173 41908052 53582355 83033115 7603192 73275043 93619268
0.968 78218402 63213691 35306385 87675315 4023583 4331840 45371664 56560115 35014869 26912165
0.8 7971455 18695003 27411730 73428820 98498722 44239393 89031467 8365590 31624005 66243846
0.722 75679497 81873043 94367253 4746217 46418606 9497661 55866810 80282015 99225742 82199318
0.979 74011044 64259620 17376441 36307023 97083679 5602379 13966860 4778162 66652083 68129491
0.768 47010790 57917038 64101392 40724121 30568777 2878065 7429830 3537149 26330066 71697212
0.882 50920647 91528600 91750576 99042425 2428651 74154752 64716210 6998168 51959009 50630659
0.909 57675860 94131964 57288633 73758671 18491234 15513314 58781037 15836692 82631573 49353022
0.806 46053543 58589370 7774227 31966664 31142999 12346797 79002900 1348841 30484320 55440710
0.924 71969904 76242194 6144449 1999650 96613524 33544016 7634795 10282645 7604050 17007519
0.832 37929390 5867922 42161262 46931572 80854908 87940656 32781920 39246971 17410219 81352565
0.819 88259272 16425076 88126056 10308436 10251264 33581121 72966957 27630190 66428279 94657748
0.921 47910133 29566459 59531177 95715206 40630244 49248998 74008439 39283302 87730595 32776746
0.858 35907973 42796523 93653330 72668051 67571298 14009401 7247426 46524622 55141186 94690831
0.985 65257692 37551952 10528854 27320680 18405476 69926758 30942008 40928246 99577294 74217795
0.763 49981337 97295874 19053714 4814077 31555291 93729868 59093033 87229186 60903036 15332850
0.706 4530678 36278860 37308143 78952257 51563318 40320729 11340498 8015488 37459158 81838954
0.815 2529799 51350116 51628627 59595320 5961354 30124961 27612629 50912405 24753345 88573727
0.829 7014171 88637717 40956281 4201833 72685498 46681534 3488600 81703604 45126455 35236547
0.943 79317124 29064063 3670202 45760780 97413385 83420414 58260695 57384680 97875074 98705661
0.926 14657945 74261885 52091317 96810847 90995529 38576654 71774457 62210257 56886173 76853413
0.916 69647305 34910126 21816939 51176016 62724302 31974274 17699655 2037883 37674933 91616850
0.985 11480563 33545387 72853994 39704948 45302825 76649413 52962477 5181637 82617353 36811880
0.809 88480345 33623322 87648351 81604268 1656128 16684124 41190770 76294869 88687917 43082466
0.951 23996035 59566993 62105800 2317495 59043624 1190605 62604450 4966560 48147073 64452414
0.891 74706716 29238325 54842825 7863123 77788611 10676603 37103909 81916907 74014080 42147927
0.986 59114791 24132872 34629107 37063466 34834976 66428236 17075512 30523650 84602558 23420365
0.744 82939751 88043897 6654471 31228768 15360757 87859036 5167621 24730353 91864167 68010697
0.958 77831614 42591907 5631183 74277127 96282120 30595256 8162164 95905218 34769739 34553693
0.705 47423826 72536810 96411184 6003970 80608327 31500479 46939919 14651674 10399074 68040058
0.833 68590026 10395193 31806744 27386042 43726665 76553214 49843009 91404455 55830504 9582229
0.893 37994945 19203803 3314453 43827529 81465696 48356895 44961030 54779294 87507034 50293477
0.841 39468472 83472202 4181876 21516822 49432646 5987530 39040263 20141148 79353203 3427288
0.732 28384317 42024344 68557897 96068750 99595381 68207069 78045796 95675797 46177977 28839191
0.814 78206824 4375434 88189010 97476935 20142683 51148988 87135770 10528705 10376565 30142752
0.87 77099930 84600705 73582591 98509269 56113763 72338977 98387723 16272875 70834264 6903019
0.882 88476025 70390228 69838315 59192355 42538880 36129093 26175623 77207907 39334559 32753017
0.799 48582114 30989625 61179282 42253938 15490996 93022701 32352710 59727893 98354526 55019311
0.809 47242574 75223282 67866314 10260108 48626679 87688458 64982119 81231063 30917031 60259467
0.936 30838308 76415823 16814965 72157584 32875817 54709486 90476858 78484532 89375941 18540857
0.882 38505078 45844991 42123474 15832863 10939544 54828316 56508695 67783433 19917719 77310988
0.848 26589097 24147877 60944129 2082019 22383617 16212004 56186977 35349744 74434303 95480058
0.979 99704175 13555369 16964845 4573558 57904194 3212026 92616482 22405721 9799868 17767441
0.854 71042742 52091796 56688023 47562437 17106450 53998141 93540186 74751326 32404844 95560809
0.788 45205643 45183120 79386833 81706040 82762623 14464884 96929303 6071701 9898898 99153134
0.976 60249712 54878236 84668837 60364921 99414732 58477341 38827999 64036089 93967669 18066449
0.92 97134371 79129152 68367019 11246035 20435507 1044716 79665373 79597592 49643635 90450278
0.895 50918794 43008309 58866156 23719260 68272154 96976762 78930879 37486955 13005510 31173885
0.789 45783977 6481098 75716426 69481516 70490297 77823224 68213192 57269299 38286573 43325492
0.815 23946564 19219517 5628343 98599798 98111130 28277083 57785785 69677116 37346918 77193691
0.964 42193677 13350172 46619939 38223995 22225454 15911656 38633655 36755323 65315141 58910408
0.767 22725849 38718971 34819972 81358784 14243111 31094836 89447205 37396912 18925119 12881682
0.762 68276312 22662988 3670871 80314752 5334488 72454722 72197852 26190263 894575 65547360
0.95 3459771 49598894 27265115 37827591 76660490 57244204 98259378 59703357 69913195 16935418
0.949 39586388 14712259 96133569 94800960 16098153 59647037 58017753 66203639 35306850 11658665
0.959 37373355 98198218 89753485 15631350 47475650 10612203 99895239 29855629 97624820 9979132
0.798 68056464 45008192 37058592 60862915 84640912 98720057 68832771 90205248 9943990 94866405
0.906 5148168 58166960 13480667 94637414 69967272 42617779 25554877 74916347 88735423 84031142
0.711 85160766 84192774 1069794 33005982 18371007 78697675 50493924 29556025 90375189 26263497
0.78 20325007 65029451 25112788 98456848 66669489 37929886 17688813 26652012 85197752 11906683
0.985 97077481 28747971 429189 58293280 9027654 65859451 74858214 82036182 27990700 95293313
0.753 56124397 92339335 35309169 82326231 51041690 84694927 78369591 31503019 85592608 46802228
0.845 88173123 24167825 40278816 31124196 39207134 89654194 65103644 65796479 84560859 52641542
0.879 72935700 64553231 39650228 12956471 29384358 15081699 38556908 56316956 60018532 43674052
0.774 57024453 15544987 23648417 62375800 42802832 88665957 15238583 46651206 93545539 53430642
0.911 64926313 65655873 80672745 55298095 92237366 31522381 3887287 39047995 35960132 68113806
0.765 54895832 8160875 75464898 43378098 35112062 90595496 42630014 55194233 52529918 59317732
0.828 34990478 7332766 36012929 65163430 97735584 29386729 45612761 85398202 6124158 41407598
0.834 29703731 76840413 22351968 71942460 27675805 83924534 14806311 82316265 81973665 44249461
0.739 72446342 2673605 96935898 2834368 50893769 12113513 94587329 44733168 47338677 74208202
0.719 6605553 69611890 28247918 48599937 71869924 26634140 21071231 71900277 53086639 96344237
0.769 21663301 50181317 44493460 55484975 28939368 74215849 98426470 33380451 1830849 4841900
0.954 70673067 13760099 67310099 53410254 65082169 5675419 21064869 37995659 40462140 3254023
0.769 92351196 33193217 4533608 36568726 16595059 50715072 87949650 53787880 17608451 99391681
0.963 11397317 10271291 9917380 67714140 96920348 94420727 98333119 55751363 2705048 1978608
0.923 72705468 81184526 20380634 12825399 98767255 78946302 52495761 26076367 81294547 41901392
0.935 57063030 68767208 99788647 3144983 40554420 36782333 61593272 27201463 13378718 35469712
0.991 77336413 63270284 50543809 39089390 57651154 12490623 29830286 54536785 75295643 37387408
0.845 94338884 71565416 67993829 32831540 51325978 2310226 66710893 97651108 52834161 50028002
0.929 95909134 14536356 60702699 30072939 77561671 3340930 53331228 31154021 60006771 49636618
0.843 14622813 86277647 41689344 44618734 19296651 84545602 11225238 12802899 75280767 22717117
0.762 65741381 79646079 33550279 11259361 18969067 54115926 82743681 63554061 70250319 97043767
0.952 31196194 7909847 66225408 33826068 55278723 41802776 99389721 45347939 20214797 4900250
0.796 75874940 80360192 54564107 747830 35989798 92663562 28081593 75485324 65595812 73227680
0.85 87511116 31640398 43196359 61924305 95142675 64826670 69045775 74464967 99278838 98390898
0.724 14098750 57136758 93852493 10402470 50423728 17083565 1828652 21755769 69785033 16304459
0.75 58733846 15255803 5242805 56932774 66462542 22913930 84042431 70409156 65389988 18772414
0.925 73428512 56122786 53607320 1242658 39829248 15781760 58449055 39490030 96629112 90822876
0.781 43269935 82557389 49879577 75673348 87271147 22272851 18994170 38949552 70229592 91942348
0.761 82409660 95895184 49828775 69709974 81137003 33720776 63365536 62126724 28268552 44315629
0.978 96654246 18164926 22043679 70380884 95976604 63601811 1318177 42639365 55875235 24055277
0.745 8999031 751945 41854524 94148989 25189235 26745249 93153166 12596044 72173099 61551388
0.799 8201748 83882424 62907057 79786327 20998769 8961986 47036977 85408582 75048659 30337167
0.803 1896427 25855792 36853586 38143010 57198985 78446018 97888091 41037113 49294789 83819096
0.93 34191883 75311217 72614071 86114007 88498817 27190916 10398669 79542677 20457708 13821242
0.919 37579022 23934411 35290889 75653133 13733443 17005934 70104308 78828361 86547634 51398211
0.799 79479708 81171554 37210187 98954103 82662979 89724136 63539590 28092671 22561918 358466
0.935 29050549 12259214 82533661 19661777 19237874 22121549 63815697 33134 43397675 10440451
0.969 7004714 18384463 68679917 59014061 57096991 89233613 63309036 43901191 40608690 67159209
0.928 32315990 75181407 52780673 50641630 51744941 94790544 63683359 47646170 41843964 70059735
0.795 10495780 81252861 28709086 22295753 85063153 37277197 95475469 19177565 58685794 75227139
0.832 93294709 33626780 91988480 16138312 74880752 58440193 87522323 46731994 23892421 3395111
0.96 62555645 89931125 46438200 97776474 56918776 28693060 82808874 75134281 25633440 51332565
0.812 1432428 26284674 59335049 48451442 70598873 26157506 753570 78676876 41659934 44084020
0.728 49508547 34059134 67483781 1744092 81439883 36645175 4500077 86868145 36903354 86124034
0.844 5894491 93348305 94524779 33962179 36798988 83922374 7680877 76796822 4083774 96372289
0.978 81543479 84857827 60999369 65807017 23323144 63545170 86912487 73227492 13943515 5126257
0.811 82264795 95738908 20561048 94709340 98810577 23744145 17669523 11116532 56314078 16029189
0.717 85560869 95373892 8365183 42176116 13082934 73025649 37242488 26062717 87926734 82410193
0.921 44649538 90193094 42477264 95201836 22711457 78765336 96923390 49158124 69302042 1902027
0.982 54112975 55885406 89620191 89877717 8252163 8718099 25895959 67313639 19798986 97838961
0.78 23163997 59511989 5973820 36980400 81675383 26666834 92437991 67842475 54928808 23215400
0.891 432769 41763795 36743866 75237007 47068114 15799382 45828977 62579321 76258924 93454755
0.726 62143529 11832897 15604379 12154988 24494865 97918594 11598781 24918714 42614301 79342612
0.888 2698765 22727871 1401059 29195825 85623611 50268506 61787010 10908536 97210781 33115824
0.792 91387588 86210380 25647136 99067510 17815365 41672868 7158543 50910187 94746168 38530763
0.753 18847668 75838379 42351193 55563827 30327888 25265855 36614518 26739479 23771581 39585149
0.778 59001888 35506648 12403336 65751340 47667842 77671284 48803337 46823088 86144415 70201607
0.835 84694930 92212930 22880719 4929963 78547299 51765186 20898267 72202263 76331139 28274681
0.998 58230817 46563019 86705723 91538873 38747182 27843059 45926778 93905946 67614227 74036002
0.949 36097873 12181265 68890262 28282626 34656876 29293679 62772047 35010146 4220885 15475060
0.855 84706642 25021608 63781582 18765689 62712813 78761749 43351112 49966944 75667851 50722242
0.897 4543241 43268043 94125320 14040914 84486312 48168614 1060092 21307131 56560392 63819982
0.8 86957157 13449648 25113682 48050555 41107619 21843350 62658369 73387315 24986069 2919231
0.832 82760305 61263101 79668254 77304740 93214002 58380480 98107100 53597632 63561767 32693925
0.776 50092039 80657059 45349252 64767783 91074223 53841858 40288578 5386018 31447622 68043121
0.732 57162555 36153018 77509126 53787771 79601320 3832610 22015192 68746904 22331780 40343535
0.966 93634515 70341559 26637137 76234095 18729977 17433651 89040902 44714248 7220926 12133101
0.793 18986566 46453084 61567486 53149397 22191838 61819038 113173 88396950 19795908 26898109
0.965 40437430 41275542 10787786 24775741 31700023 27289414 58592599 12101995 97191672 32847443
0.746 74537577 50232033 663677 64068039 21384884 46266443 13410159 63189799 73796808 92178915
0.818 28520176 63391831 89716075 50505000 62207767 94787794 32580280 12861395 52019290 17247299
0.796 17921592 53671462 43904207 38009735 90563359 98028884 56987832 80119779 52861700 71687725
0.721 65539768 89909325 99378713 78709162 3609956 29755270 81674485 23912234 31562316 49544134
0.809 67304275 213612 81948851 80419261 53442916 10370954 86647914 30879939 18532770 67102111
0.756 28351125 40525421 58438483 12462163 45578549 51548537 87784425 24142500 57138006 20232996
0.785 51917499 90633598 64512027 4674355 35033443 56604567 24094492 21950353 53447665 91582094
0.855 14284867 62400868 11091816 46477836 92082168 98337391 13610361 88029193 54287520 1640743
0.748 17279124 77132540 68044419 51538303 92113445 61027736 1555403 65248523 87753863 89952040
0.821 7316381 40661866 57040011 34715287 99598279 85109767 15563675 81018658 60434208 67385565
0.812 63558440 95566173 44971462 71809727 48970920 14988380 24003439 56917057 71365126 51468716
0.961 10738641 20184631 933716 45246901 94967728 79208997 34606236 26523174 69108209 82479493
0.918 61067638 58369685 6515411 62379457 37811007 5347831 16314358 65715873 61773805 49271881
0.715 80440472 92125389 49566126 33866730 57136827 45293348 90596467 39747835 3158189 72846470
0.78 39357964 47900342 55976877 2351359 59964474 43571443 39954382 85360153 4780174 79964091
0.734 98234534 4914026 71305655 99143992 53179019 33370113 23519462 11280578 71804498 12693316
0.738 19413831 84949087 66229777 57861335 36869104 46356961 61475863 92474935 82844702 32762641
0.976 98339688 70270865 76379051 61528033 5454740 10272507 43833963 50035742 5138845 19696511
0.883 97148160 85606010 13572461 51259494 68804339 97361415 10571641 45335089 85461939 40531871
0.827 3004259 24686713 34474897 96850701 87630141 99681481 10641221 58174698 15626356 25721973
0.871 40695005 82621946 68993223 72364511 32715893 93181615 6554015 50229157 76951857 63474033
0.765 58645850 36881253 92457664 24926040 37158689 67318657 90119103 6139411 81151067 53508666
0.973 91027570 38240309 36598410 677940 54651149 27801369 2512414 55609738 88209607 17417024
0.782 62067810 80407082 85209019 42702631 13038943 29705562 30175470 2425706 95161511 43568260
0.766 82058877 38632064 97732513 95567532 81781029 61826611 78908503 56474093 85197744 79890520
0.799 52215999 63834338 74847472 1686744 46030066 45714018 42901731 46488499 59644085 20371382
0.839 99666213 66971243 28271272 71436092 93647113 22818813 90326645 52353135 34318479 54081453
0.71 76680371 10550656 84742934 65302094 75339864 46345273 11152419 27857050 71080601 49552038
0.791 42323961 60599194 90530041 62730696 3968089 20924610 83867651 78508900 22378699 83787448
0.805 57919082 55753103 3141814 38102759 74684043 99864971 65868272 31503392 50369810 72154472
0.74 81486500 16575085 13016411 53116625 29300452 28360899 14848878 76604099 38835762 23974297
0.959 98577647 53836946 73829193 54830114 47247944 29226259 56127168 80429777 37430602 42869611
0.931 84594167 14178596 89152055 92186624 84976274 85390990 42651051 67418191 71890645 71472067
0.818 54219394 66415389 62265475 38424310 60324953 21067861 23840642 53694387 38709441 447935
0.86 44836082 62279909 88072413 23121777 91717922 13196701 51452825 77867465 87658167 56116418
0.992 55068702 25350367 85418427 3897816 83064126 30090623 18598824 81833362 83204293 67560003
1.0 80472677 76582582 98267240 54864887 3064676 43623487 81847649 33546480 22341731 76410977
0.888 91853655 12209308 49700276 3049361 99719124 80710835 87793969 52256247 74095884 68630282
0.959 21659959 61440701 49534974 97047484 32120359 23516421 63373435 95669392 26814729 43315309
0.74 8699029 4145953 27784045 77524461 61898476 61631831 32889647 91760780 80966708 59546123
0.997 23740148 61928895 67137712 86084467 14919279 81068419 44460861 21376399 32865016 62037075
0.917 9374071 923862 4338261 91539657 90848272 54538931 69762014 63110413 51716183 9444312
0.935 34900534 96096749 72120748 16237925 96072358 81467062 86850860 71695192 95934029 3183661
0.832 97446332 8024377 39320837 53471904 97328057 5356154 48771134 53610511 96183728 68660380
0.889 59061948 57524179 16650628 13908045 19593605 35232032 77821046 15003358 96904423 22676550
0.81 88118904 45611831 19052219 32624124 64772268 28197129 35501623 13035991 44295297 86172555
0.908 61504202 95171493 65978338 32846895 34896549 45961908 39633430 92502068 59682874 44380596
0.936 93893578 34617672 76266699 36950003 79782793 4797564 18793298 19867441 70032031 38712477
0.708 49774794 75636982 48684022 95805034 39086658 41159574 96077973 21246994 76187341 85079890
0.791 95707821 59037325 90365939 39578072 20728758 99822175 93292396 17254103 19666405 81530481
0.788 51570031 34534994 85464793 30590640 3758727 28408798 78279855 40662142 19912993 78414664
0.704 48876968 96789687 68262003 69366132 54471544 64018411 83008294 22872059 46199559 86416288
0.747 67255871 42184126 70241159 50246095 50731447 65128586 87023621 22699019 70496099 64699989
0.753 50985606 1910266 89757409 8690946 45951720 30175524 41514655 27706466 30106377 20144540
0.783 97812755 16051288 87241075 26433135 47848816 66946493 61649116 76424646 85716350 1637561
0.952 70345971 30651479 99506052 27183114 48796241 89153332 4407781 53484586 84074257 13266082
0.986 68104290 9019126 36436564 74260585 71773449 99489949 72172776 10663234 7512810 59946046
0.87 33282231 32842037 34369411 99245390 24519519 92569837 87349865 32895027 30647266 92561571
0.915 23814342 5399953 81757079 35670151 74084918 37242273 12262023 99738596 25503269 98426859
0.949 8545499 17790417 70136507 40635874 8169177 27881323 30546109 32741152 78608288 78016797
0.843 13189607 72066013 6856217 42796441 85081383 9805215 26363828 64196211 15623801 59310555
0.725 26494075 13405117 72795512 79104690 28855998 80301630 65394993 40260078 76414081 1288822
0.875 14968484 96634274 59410378 86251983 26145447 79045858 85219204 82465154 61237433 66454
0.776 54649280 80712387 36338537 66116342 84708592 23693707 44109233 68087711 64864697 69014787
0.785 86607967 40216633 35460310 71429336 33423167 45787342 36948576 90978487 75331621 67519876
0.793 59061679 14961257 24451823 65441939 874735 42843311 68390365 63150290 66543529 21895055
0.754 57984060 90325335 40888220 12692698 59485073 45960407 85615203 92202066 72288338 24515629
0.758 14591037 31112045 28617427 41231731 67347727 40987922 42951801 71189018 63334076 13813301
0.905 81809287 28224904 76639453 90179178 20749745 43455060 20990005 25756927 53182430 23055557
0.956 81889353 88931424 21089988 43712198 69318932 63589030 87710027 79890370 55956600 97504923
0.781 35279856 63348307 40750934 49766743 19459762 41101815 44791430 97537316 47504159 42325110
0.835 57082519 75603021 52820340 55985387 761353 54234848 7423236 54866566 47460993 86676830
0.942 61322699 36803483 2614510 94534768 27140582 27999031 88859467 96190181 34350253 39566968
0.95 3178141 43197411 57377856 51325709 43712718 74902641 75158204 99189177 26770013 28854107
0.885 59069644 36770694 14339094 9989411 32633405 21530932 43685593 97019170 64381921 96806412
0.878 6174008 88505617 52353371 92315082 94823302 65369583 33533779 37600104 81430545 78666938
0.813 13615035 7531569 85849506 45995332 37050296 72195140 49586582 58804057 38149420 14902300
0.842 9930603 43559761 98307643 55536259 20370571 20188973 79162732 40111723 77052803 26842781
0.869 58822422 32913766 44002223 76870944 73361416 88676416 34993129 74715577 71273301 39113647
0.907 18853237 9127329 93851922 95482852 99194718 42139163 48483417 59839681 28831688 24714856
0.796 30558998 61848024 48614170 44696127 26707338 90955166 94497375 34765857 34273540 81016087
0.924 3105571 18826712 15997469 86200025 55133817 57355386 53191556 65277802 6446622 70920296
0.718 68754597 50126880 2174497 75928927 58680918 4306243 67674129 43898593 72317772 66036393
0.785 44795511 85144216 9007281 98574037 10140494 75874195 12367293 74932501 15077338 71371946
0.747 68920851 11774955 77030941 62873864 81877039 87264876 25620480 9809109 91798637 57840690
0.945 62507231 60570928 99178390 20428651 87301075 44349489 9801355 24383847 86951594 77205227
0.802 70828569 92957341 99248454 58035365 2883470 53883863 77140007 39435019 852813 83710220
0.948 2532910 1145938 30229850 43269689 57331055 20199086 34742654 29915787 78433683 90534999
0.93 71452723 61438610 87726411 89308727 26888045 77099818 47599687 95952852 77424312 20482267
0.757 19902315 27668202 41403708 24372157 13542098 3519791 71594695 80788531 5295236 17089076
0.862 9296843 43951077 42323714 30884016 88337685 28025635 27071907 40658510 21916266 56946385
0.997 31269891 29156896 47693567 3663666 18429726 59007608 16523557 50346941 3412336 59586290
0.96 99309410 27995717 51058647 6605430 59970143 58860762 53576791 26660705 27599495 51070501
0.877 16730148 12462359 23501092 68008569 77618586 97243205 69322944 16334801 21861785 28137132
0.736 65647021 99407286 81181379 48102338 42530857 55717519 25633055 28229673 12185758 68036333
0.808 34263710 68281290 15031359 61331294 2167007 973829 51006646 56373318 53728476 13430634
0.806 41605042 8765169 58270476 87510205 40358524 30784021 94115341 11334884 87299591 86380107
0.943 63265064 2127354 36871774 97929161 86887136 43388690 6089390 18889241 33419962 23804639
0.869 17172930 69608269 20905527 18820058 93290744 63057193 5233258 8211636 80021211 28162314
0.96 88711501 39337146 49889271 82886833 55683763 21136969 56269326 23141819 23439445 69605270
0.99 99585080 89747074 24375911 48998598 14682288 21793431 4023864 66780754 27390737 41079324
0.821 50087924 35592037 83471826 43093653 3822276 3466848 44504189 3824787 63149753 4593302
0.92 19373095 54714435 6241050 72407098 50605018 80330313 96975357 70491768 22782148 21229564
0.73 46797212 29890245 12364660 56355725 8902088 15087493 63845946 62335184 55710670 72038305
0.832 80969675 85477263 96855 41799545 63920316 63013475 34475383 17206526 43335744 88097063
0.862 82357282 89715417 96142211 12938359 64127867 66142725 76670472 26345208 16889016 29435441
0.854 19138848 30273055 88477659 11031218 99748634 12722389 96270090 54202290 37889634 82545856
0.732 30363191 33644452 24780183 97983004 88499057 40414051 44107402 95356389 62028610 89705272
0.877 69377728 77466057 35799340 17677427 44015900 56642693 50300871 88745007 19491232 77761531
0.921 4593643 51677853 84809528 6444924 26561171 24450775 1922230 19187023 85178684 4578708
0.951 31920912 21727864 53252708 43289563 1572026 76784181 64528712 64940557 46157714 25199145
0.889 77470671 54446341 60680386 28834825 60826614 83391160 35273041 73266696 59037412 15813415
0.923 87974419 69053800 45278396 45265544 25007366 34263695 45765962 65411700 73672216 61245697
0.899 89659144 45952797 69668788 35280921 8471523 49046143 57245809 86207066 3411007 72923013
0.738 30484208 61395676 14916551 16143405 73882130 95656351 39689985 16951598 46657336 41208923
0.836 74262472 11135674 67742871 24509818 53359344 68572457 26156080 19019782 91345145 29777154
0.933 26665991 98436935 99937956 47504552 70541440 80656304 20370384 75548877 71210764 70470377
0.714 71559021 48674884 72404720 30926924 93106132 71252175 22381271 50260797 21307037 13440304
0.904 85215820 85135998 82971287 30367766 96111431 20407950 72587841 81827925 56910429 27138304
0.784 53804242 39795077 52314365 70027906 56541115 63960898 62814453 43207543 18269700 96844485
0.981 47461 10048946 33732839 95071927 74592492 89673571 41822962 28018594 98443400 82291206
0.878 8967731 7948672 55079671 18831186 19299377 64549616 21508787 32542841 52511111 21400078
0.894 52479086 79378566 25953856 33362943 47030876 9466596 30374151 37073335 18849582 53880436
0.737 99274811 78642156 90236903 20380452 27626181 59509638 19113736 90226266 36972997 43952205
0.703 15742667 69876471 41763267 70362430 13772377 84361980 80322129 63231224 31162829 88640264
0.831 16759028 72646617 99711924 81877605 60984164 20626125 9449294 96637679 45818870 36521017
0.985 5499119 51204292 34286237 15144802 84140870 62616017 57164749 78514495 22609782 95262464
0.907 65404850 39071710 30149786 70174304 13831159 11888060 98215071 80975711 80402724 48660554
0.772 89242791 66374934 94167029 58046122 56596142 7603772 85638951 14118375 37608285 97180663
0.92 33778683 85934970 68158923 44134771 56323846 89520336 33722078 47870268 11152602 1734913
0.73 65169251 32580577 78622613 66434565 29714212 79334010 58219225 89339143 35668920 13954006
0.999 95097164 65479724 75251955 81421925 75916242 50442020 81420209 69654542 89597988 51349988
0.713 14468359 79234500 86258750 13230744 77259150 12739083 15767007 32026271 48412445 77862664
0.902 81041439 56616973 52847572 96407117 99899567 5350579 46614414 86850744 59088694 61839874
0.872 70164383 5003131 53511633 84304617 99909843 57954859 89800835 3441419 28996335 76092056
0.754 84627132 44152565 13261275 39228733 55317019 3808371 97852423 61286924 34026103 48128991
0.946 46177572 47295434 33380094 37128982 59862044 6415488 43555317 61499176 93832207 85202397
0.779 21554308 28102644 74957616 73454371 87011596 43202156 99415711 53864375 46780131 23093235
0.953 11927856 44796947 47218427 82732173 72240647 99302237 30544052 42484493 41048501 13596009
0.974 12137642 85825759 54501157 41999994 83456546 66732073 85828882 24990286 51364639 27131995
0.779 94945095 65154738 47055917 45231541 58756373 48514771 21369793 22621484 43320084 2137730
0.733 78094160 41678306 67930179 93983051 86209085 75227062 39755786 75151359 72243277 23878421
0.819 93366695 10191870 26658273 12531060 12152370 95518135 80258091 89011879 54309470 35348929
0.744 45656032 71514930 47486185 53251788 17855290 51706059 13908449 98822144 39448235 82331842
0.871 11034254 43464571 30175481 59396183 5472438 33004621 73549599 20805333 89593195 36747243
0.708 30127665 93291937 29390348 32930552 30310745 59103568 86959001 28986747 19512130 1666763
0.789 2788232 82170846 64863842 58914857 55636716 74668321 73984321 76247172 25801896 55341132
0.756 69601473 77966489 53635663 84188755 77236512 51956191 35096899 94857832 48851081 35374067
0.829 48924311 31501680 42970439 72527114 47925684 10340193 93039603 18051318 43172816 94279205
0.774 72246104 77706490 17282502 12968305 68109300 95073653 63852434 71854791 42075215 14067040
0.942 81079800 30578076 96651024 46753777 96309881 94240237 86565865 74366395 30059912 62449688
0.781 7140578 61772215 83054727 58770044 66724054 79331123 58543659 8678217 22997024 2968249
0.868 75027178 87278778 7723661 46654498 63971718 94799191 19848134 8559981 91537431 47568410
0.72 96484936 37056223 76471037 33824487 97678361 3701318 95779406 80227105 65875378 57825027
0.911 17898844 53183240 28884210 88825403 60681408 41584044 72262247 93577401 90552355 40890916
0.799 76484960 68176556 54645674 19358634 72425578 91445454 78768688 42205917 909370 81818380
0.716 48096857 78845892 16063631 9531256 82389614 8540104 71104791 55527409 98029990 21636866
0.92 33393307 80735381 24070716 24325365 3957752 87161933 66434426 97800045 16039031 44532115
0.727 54164273 77041363 94077044 91986530 52002811 54703681 51175972 93471246 63673905 18590430
0.954 24560448 12866554 41767937 47668359 23811694 94927226 57762060 33824764 67066159 12178177
0.755 53878721 26925055 30419133 47137357 86869105 84960805 10947925 45596469 60629837 12620209
0.857 2738143 81357341 8173978 74776506 7938468 91631796 50082940 12816494 22617447 232048
0.989 71017414 1688255 625592 43870361 51640743 41106043 3711597 76246226 75613530 50309638
0.958 23138191 25297638 85427135 83332082 66867454 24398998 71835206 29309642 46338397 13014526
0.962 20759612 80492828 50220019 77038964 23746912 59149428 94807049 23822574 68092509 19978275
0.944 59741176 4072389 83494515 5204195 72154087 16144121 41831014 39115199 14465305 46849237
0.905 79202730 69590395 22466075 13384402 66793593 25925455 81000851 20837653 82301184 45284617
0.981 88380763 73548688 52190005 60120895 15620477 89752076 74418609 8786373 45411755 33047380
0.81 32138616 65869786 25278591 54262173 5582167 48093085 7868404 64481336 88538069 94977488
0.926 79340557 13258076 69772254 12207568 89055153 87886323 43023903 70778039 75564137 77186842
0.911 70017740 52906603 73334032 86328642 26968648 37924770 42992142 18183236 60116733 26580682
0.788 84065834 57219594 54255917 58403344 50609069 11058049 65829144 3198965 65933037 14001392
0.796 64975404 81827614 52185014 41056878 66788701 38546517 91811958 93804992 7397482 70806579
0.949 25243522 11970543 41220925 78848869 76675220 72851642 23267818 86024494 42097877 99221402
0.714 3753144 6336089 40660713 51660590 25265012 47213180 72177418 7037740 91827121 58224195
0.922 70328000 23929694 68282676 49771144 91420175 93842769 6002311 28788785 13240677 61368875
0.985 29738238 95618129 42991351 9792992 95836098 27327834 66474713 27747762 76657828 85955870
0.884 6071188 51202550 27652856 92528295 15613685 38982422 636028 32264248 88529233 44392606
0.995 52333608 30651547 49899973 53949988 6007154 20928435 19014547 80363084 33040802 83451717
0.901 56752704 91321167 76576546 95317729 84045854 41572498 27498028 87689321 98869283 36589757
0.823 1372698 55819457 55517801 50617768 37324162 25433791 65527308 34014192 80548035 1399851
0.888 53078880 5610213 93415775 60280967 17299087 88981391 92543039 29927143 9465618 85576828
0.734 21330395 65570300 8925521 24609969 72066827 43940007 22463582 99333593 34426734 91389602
0.915 93283902 53446108 38226119 71975610 38445186 38212434 76518645 35097827 14561556 16025691
0.818 27128906 11610244 74457282 66836028 26949332 17061090 69555056 4790926 62942341 64266104
0.733 30688223 5104468 52085048 24760262 11221679 93095669 9046325 32447383 58512034 82586963
0.811 99099167 19160749 59327432 80128181 5509893 88969812 67594636 25363046 28243618 97295794
0.795 76343225 1907386 20496460 45814884 33662096 23559104 46991937 62013345 26930692 86454359
0.717 51007346 20548400 39165484 67859758 8542875 30230610 24691117 84183188 26083751 45082208
0.897 58904348 3397006 59127002 9312412 32987512 80753445 70941666 38628739 74739562 21622207
0.743 42621317 7611907 14947264 91907311 8741781 55019090 69531133 71709011 2343684 83025237
0.916 97184286 43171972 49710508 5157990 19258428 13930806 91847420 31361578 792100 51165595
0.701 7840669 52013029 76095382 16058089 30134305 84327199 4723822 75650313 73226848 9921913
0.706 63945115 76704340 86542269 51815391 37912273 92021014 82684709 51911006 60353847 31899399
0.905 82222921 33560111 46324745 85456101 61066956 64307616 20553823 60964805 72001727 48336521
0.767 38502168 85509203 98110278 23401284 52137114 34522269 21517336 49402605 99321867 2810133
0.83 40246214 19325175 5711620 61731037 55079123 95386636 72678701 30465492 53986524 16780466
0.952 47370989 27930832 54464528 56524541 56066184 61818207 98441897 60708263 59578294 52135917
0.839 45338927 43756453 89304909 53537178 17866349 97080717 71126909 27637454 33018516 29119785
0.914 76287557 26119029 97885901 88493234 83064164 48776722 62193264 73578898 54788762 50307037
0.893 28657321 52724691 18969191 63113531 14582780 72857235 87541827 60709337 40308304 83697650
0.824 26764323 29149156 45323065 74046990 21034514 88536920 51578597 69457789 57953043 24201500
0.983 3199132 93143024 27709690 51804106 76154186 89522357 23131189 36684386 91352634 75613436
0.931 86065526 53938948 77184473 26549575 20224364 55202373 42478661 62891711 32977091 99115186
0.739 65321753 42441605 81920869 82184856 71214330 98692660 84300224 4738104 90756606 13027791
0.936 11509178 2881127 1163490 7080348 44494335 12072478 42049592 47874974 27247147 99802196
0.745 28589967 41280251 8861468 48712990 83648740 42345697 78309134 59943922 63765142 45448910
0.911 38888385 40700248 13623030 75415271 21449657 20403362 21911949 55725304 15896810 71444791
0.973 54986304 21244038 75385275 74131297 84380335 63024306 93933969 37746670 92605361 33472531
0.993 89103000 19682531 59713989 13028371 5285272 18199754 51130128 63459898 50918146 64005756
0.751 2678196 78675126 92358103 48638387 59181497 78502768 76760494 24405301 60040074 2665116
0.991 90162332 76072327 46147922 45604049 11409917 49656286 9246258 23788142 18111796 83756036
0.79 52830211 20063671 14894384 89778757 26458585 85123938 43043435 39238480 95483589 11149828
0.806 66404207 2141515 83464930 79231776 56067933 22690870 49018458 33918937 25772910 68910441
0.784 69851147 3146646 65714214 42757412 22398512 6980807 87161679 32051720 94021516 41156003
0.779 58109521 45300876 5429877 36619501 88139894 61483466 88504582 10770192 44683613 73990759
0.709 83774633 1433160 98601881 76994349 2578612 40629111 51092812 26795548 63098568 51005009
0.817 93320013 90181417 36276862 93530441 50350701 45048155 49230243 68797888 56977334 54652792
0.912 17762391 46471424 96518264 35109738 74139544 25891060 65609708 37801233 35792181 11181158
0.974 90168533 11381032 89418882 42763636 68288809 15237104 3088008 17250444 14367955 32609677
0.722 50115328 8718672 20670352 76760300 31802263 11728894 10121566 1294562 97053794 1804855
0.921 45786338 82874168 9446616 20970686 78216040 84037259 61842562 84691777 44412731 89246477
0.732 16371663 7538528 94509095 18618004 26779296 10892520 24907429 12308286 96402473 12292455
0.701 92019808 31282897 28215122 6710702 96231316 10658492 51928966 43004024 83946711 71045937
0.758 26481124 95058044 66478091 81263173 94794489 24973205 62976361 38663227 98188957 90752569
0.878 8223029 59393536 24820595 68126824 847369 10678134 23602309 26537596 35334373 19312960
0.963 77233454 25413534 93947983 16644381 94337358 10170987 25259577 25105164 43138308 30563463
0.749 85268109 79498261 39825016 80739206 55335551 68002009 85979202 38306144 29294123 57246989
0.775 46272775 98709509 32315695 71209329 937251 87891427 91741981 33778330 37775463 21644510
0.719 8426588 66293229 46200862 98370076 8107284 83194239 57726344 10730923 90467449 96114618
0.834 99894053 90530008 11842256 42734662 78938629 48516995 93694171 91413119 81269754 91025865
0.988 76396882 35223738 97596276 42824042 60503600 48065049 99615410 64484747 49720070 67067918
0.79 65644207 42073858 73271725 99988094 25539627 30616624 78816559 22891228 5731027 92726279
0.806 62403836 61960301 43535905 54122182 62226540 62329716 60690090 20493013 19070042 99033784
0.925 56317377 3285625 18714249 42509908 51198338 84851513 20049971 53609010 49084772 1872359
0.83 88821543 23190132 20272064 79582678 24683931 29124413 12730042 2199743 52518275 63389452
0.745 45273682 26542426 2909930 66749487 52644474 21248859 40738050 73729641 37268182 30566650
0.757 81446672 97137289 66993019 58096981 58399149 21450764 65409954 89360714 8020907 47428438
0.988 8979981 43390242 94760951 63981624 81579904 38832122 18988828 31561623 69627150 66334640
0.941 55880935 65834718 1740480 41340090 84759650 21287253 45443506 84618779 41689626 91812652
0.886 82091154 16354079 80411964 17371542 71086637 37835591 45781296 97275204 50110818 92410851
0.959 49602515 75876997 63555187 8472493 2376967 60005821 49661702 55968870 33032305 28112706
0.983 92379616 31331564 41948011 85076782 63912828 37652279 74490268 45735675 77473129 44434217
0.909 17063481 43195660 84917104 76809444 30726021 95040228 79568937 81790554 31812000 33433510
0.847 63049118 2603460 42071895 68579952 12828887 51558846 19911932 83699114 43171794 10912930
0.859 62101101 80879572 97687263 35702898 8982581 60328845 52288069 25928411 37072327 95550623
0.743 7921698 63585237 33096161 29975290 84969193 409797 43917970 47804163 83302571 64767183
0.869 36608900 42954460 65055025 42166952 81170992 71982332 26851375 86683389 25259112 80206794
0.882 39677387 98437955 8128621 98716451 26164817 70263274 67663082 37910637 33316392 50467061
0.827 1464854 40020641 35029200 27412632 19335352 39742322 3393520 3868320 87460964 86434643
0.929 10564233 49476902 62403120 19812515 59953058 84005516 51273783 74526321 21069286 79704535
0.833 42156045 14461271 36715535 61195665 37037308 26545674 94797542 81408752 60845390 38220213
0.749 17251767 43325981 2275825 16631582 7036160 43827193 74165377 64035481 49502450 19025744
0.795 96704040 50335546 73836812 3417889 84408232 58285339 86748718 43471005 53088171 23890545
0.798 4635073 86385345 37971392 43488444 75915813 76306755 5285691 68680335 7497292 97009442
0.915 17698856 66662806 8573546 9112666 18778595 20343371 13724194 70166422 21928724 95811834
0.771 48360919 47926605 45386805 10892939 55383843 46113600 9338403 66096285 53762236 73163611
0.719 55881942 86143448 53148900 93225836 20801601 73564403 12008959 27817237 60196402 21348733
0.735 34997902 30520595 32113655 7585204 86538031 91740761 74851157 3251451 7044162 86288920
0.953 30268764 64249118 5690138 5660750 29393803 31227854 20485751 18478172 67187230 42877063
0.797 85138411 89961177 53124555 2584460 68484185 38874742 66065625 3155879 89877837 95931070
0.909 73823922 9121643 5386160 26860242 79143988 4832588 28029575 30803772 78213929 65963322
0.702 94197251 10821631 78058777 49407992 68336772 22035756 53308797 28558624 20435434 71971570
0.702 84245755 99892066 83589707 37771170 35654499 74660318 50237773 68569102 52132821 21456491
0.95 81553176 34397081 44893916 26276131 43896992 34942491 52698234 15994412 87303617 38303287
0.835 59799828 80982662 87430584 90173693 68693318 54450900 27459613 24807736 15125464 5591522
0.816 14325007 99698727 27592908 26862689 76531884 98744321 40078726 92576653 90490442 28768553
0.966 40717713 48444321 62247467 7297089 86950282 84036086 30844582 76080861 33867505 29099216
0.853 41594284 1658976 29047877 24282556 44819596 27696190 67054198 96628993 52153213 96632640
0.798 52446166 80773970 22180457 65992475 64448074 75273310 80093137 38298018 89526487 33355581
0.723 14396406 36337 4187584 83117917 6714649 1504836 36806704 1272 40727906 59735024
0.814 76250555 21406009 13050348 7185727 49398803 28898236 86674066 25606788 56796333 99568949
0.963 10213902 37578102 56034160 87728193 3005743 39925737 4696647 16116397 40540480 19037185
0.779 27469800 16149750 85457740 99892957 91513487 4075870 63955393 23431904 1925224 15111140
0.726 31514701 61101892 77816352 93270392 74818976 36659499 36247757 3027810 94338517 75595538
0.844 98171412 92852028 20574887 28920642 8745327 53356772 91002205 50657129 4012857 4987687
0.849 62505408 55354646 23491174 1780943 77411508 5910104 88128706 8457091 37691414 95281399
0.784 64313267 27205749 35874310 3276640 90092651 36502180 25242303 31516805 92566638 60128082
0.943 87265980 5922102 75593030 58430949 75020246 94347940 65569067 31074206 96042088 99660148
0.714 48859923 11866994 80268788 49297789 61237842 63414545 73093732 21997576 50099110 88395975
0.971 97468726 73957197 72580520 19554945 43045133 98676196 85807297 46545063 54626836 23348882
0.874 49943747 62744663 46632220 39251912 19814990 90282620 66372099 90692354 72782058 54737449
0.808 57943314 11602526 80819459 33983969 18473928 44668206 48139696 86632730 62619975 60501156
0.926 91313376 22048771 5738577 46097583 67961532 83894510 19468347 80368575 45855470 72505898
0.89 99964544 21398059 76999716 18726231 27623724 93041716 53197220 10971412 56234015 15016273
0.997 73014006 5634248 69735350 13933855 77237550 542306 34187558 73879955 89206059 22105914
0.922 91806360 95261430 44949481 65656627 15692917 43686165 98227874 50106447 73611807 53010703
0.857 52720687 29403268 77446237 47128455 54760624 92315079 14284340 30308351 85962340 86423099
0.836 93139430 25277376 96126990 80009 67714331 14468787 66465010 19375073 9691415 93272917
0.985 32458322 54508486 40648859 28084257 72741563 85664279 12963717 25636468 3154870 2177011
0.709 16250483 27794800 24926126 91332683 9574576 8995520 34015322 60746857 15965592 56628811
0.983 88796442 54089853 1418473 93659615 80203261 40294239 46059442 52042563 50320365 27977471
0.791 83115371 79146958 64215060 85257731 82517485 79636235 5620351 91149597 65945661 4230279
0.85 47177123 4166161 34330502 94037168 63565178 51506760 72345677 13154252 56734057 92421138
0.876 47117793 91918765 65808087 3667919 50998347 5190410 65424216 11653940 63736212 33843856
0.863 11135331 32935623 97211032 96047345 84731492 12617221 61026948 50982753 45282739 32397292
0.881 62985628 4609325 43335214 41582474 74172174 94494660 60558903 29065567 82371735 55110751
0.728 91781274 17231429 79648700 90629539 3789737 67953702 59650381 9274392 67387045 24324718
0.839 93567345 75839721 52100383 71895460 87738439 97218051 6538400 33984506 78606097 15793207
0.909 65914192 23342969 60629628 39378068 21843423 5344079 38961615 80681007 44481849 57274946
0.733 20776392 10310693 26725847 64712566 65263028 33425940 764034 51983019 99929228 87761151
0.972 50562450 5888759 40570882 24518599 29987280 45643477 91675155 78325414 66216456 30699959
0.914 94057102 15581274 13628162 22069861 18683820 17716606 99368952 81229370 75533812 3178034
0.831 49214371 93807615 57710061 2756510 95081020 70487824 93121882 49430818 85205708 72945272
0.732 63573301 4501241 37433620 58558003 74797064 94227255 56674138 8984340 8747686 11709551
0.779 89214834 48001975 63703158 53865194 68063630 32646040 18458598 16241805 3235892 21742644
0.726 25070625 89206598 26376071 59874812 88565173 73271993 50105741 74808730 35300159 64139933
0.72 88082088 24898755 78130892 55466250 15549100 75117177 5335928 31171838 27172012 19781979
0.79 94150233 52440176 1502382 49910011 8052256 68477351 1632815 15133395 70405670 89377087
0.78 71205095 1188832 40714161 18396122 42886482 32705658 64476742 28663679 25322457 89125450
0.842 64254637 28739034 13293865 23141548 52057357 74226771 85013047 84158514 72665857 9518525
0.744 17039689 68433310 19515608 9126002 64114251 68905312 9742877 75988361 22110051 33160881
0.888 55500187 83969764 48549573 30244897 35227919 54544939 8009176 57964749 5759135 43015114
0.934 3713165 25851098 90148139 97508541 50154780 52449097 60374937 81394530 30161549 17089453
0.844 68390278 54563778 86710149 85274489 21110452 32392187 80393580 69962130 38604733 66724126
0.932 58081584 80506717 4149208 56011264 8903195 75388309 11387389 94552949 19537240 86087267
0.712 37230579 52783449 37692831 62345086 87263918 45833023 40734662 71845535 81241436 43900976
0.976 63070505 68644309 65469731 51820639 92402421 79129551 93314816 75187117 91561158 81229215
0.88 77039380 18423710 62992151 45241475 12212161 92801368 65723137 45957495 71503033 69390240
0.885 8446908 33768232 84439241 35998754 36406719 38781804 79783556 68923207 30580466 42017078
0.978 43508602 32133709 75969237 25671365 46776651 41117283 25749206 44962735 69480727 90744621
0.823 35421420 80230057 56887930 89883548 88464398 25280282 82282678 18693532 92386381 39596283
0.757 92070631 48517955 95646376 72850150 74209410 43103015 27442758 62101258 78081032 69808342
0.752 97253185 97004861 39119248 85710818 33155420 27613126 80279816 85019446 45281312 24572290
0.966 66700263 50331463 32968412 52563720 65007459 96239674 36338173 76261088 61616570 72129763
0.802 34188706 81333763 9670420 33894767 16700614 50541298 73911477 52758434 438499 8931707
0.757 34200134 66445238 61036929 73906211 78327265 37190613 68601151 76162338 56437641 26734831
0.78 57405901 84303862 65707576 79896025 14506141 63937051 58676263 51926784 42029205 16031606
0.742 16497586 48497553 7315154 5507572 9432819 37226095 14423255 73617175 71836366 36025956
0.738 12870221 99726875 92170571 56809516 27500238 5360304 88623556 76043381 8036942 1322863
0.733 83800183 96579313 37201638 38143081 57687134 32303559 30935620 29586634 82988418 81022047
0.871 35800669 74170836 47452870 31724015 20361218 3080842 74317731 78399260 42509142 29510761
0.752 51441896 27265151 72707256 82717934 2340833 21527957 12237670 76670571 99382336 82427437
0.994 36202434 65264320 16718600 12842443 33043458 54546380 29658559 32483979 61673933 81820094
0.75 23292561 29573751 37509920 14413227 425250 32047266 90081784 41405395 58410653 77797637
0.958 51902437 59883280 28640427 31162770 13470978 11005469 54832587 95620066 59610531 59395043
0.745 51603430 82551005 51024565 3090576 72647307 36470084 27531916 90370294 65970674 58606209
0.937 70321416 45941216 43228848 2780428 66978961 68123460 82629511 52063146 59349666 81410291
0.762 19396573 94416318 10382674 80658619 93808641 91708080 50689240 22599802 54224809 27800640
0.765 47414491 54371908 36794685 33388761 95956788 39014249 30990266 50928119 80589106 63043814
0.988 92139419 75606069 32758909 86634490 93627725 8683210 60699404 95706590 2936591 52193231
0.871 48254034 51133053 2750674 65895196 58558100 97197591 59770852 56926814 12007239 58701780
0.776 30676379 36120895 49203514 34877696 64227310 21219581 22621278 29412039 78583752 86571635
0.855 71261098 26268050 4871204 51196558 48932004 6439568 30679513 12075904 94905965 21307557
0.728 93323303 74198784 6719620 33606927 10637474 70498380 34245026 60814164 20002379 39346304
0.742 58504671 37381443 24967191 30747760 54957378 41822022 22364538 69861397 8962912 31113767
0.962 83341780 6998989 76854285 87861865 99468078 23614794 38687319 73543067 63115666 56809533
0.968 31708297 2306103 26224131 80884211 95634032 10341136 9043872 13624482 36110491 23988814
0.86 62080682 74281278 49517025 97067401 24014770 20497544 71626275 25072772 32970120 1173934
0.798 23057873 36552513 68886699 2780717 67231416 67714151 7630287 52855703 18112562 22414530
0.715 20925806 17755795 32470699 81734449 49283521 77022789 37483931 62062977 32989230 61061571
0.753 14747331 95754912 33314826 21754935 85917615 81337386 5673858 9002523 50657139 18240760
0.7 61843865 70986823 65760850 90935921 53018273 73862129 72674732 97473603 54210333 70471123
0.84 86886282 69747067 47504416 81271137 77506963 96416090 54384837 33746338 70259009 54717654
0.75 67072182 16943624 4887763 27768710 9853872 80503553 49325184 40056231 15507005 81120624
0.971 51347982 50458379 40200620 50146886 3204562 42217539 65393775 26669444 2153059 28933373
0.831 85691801 19752845 60389982 79246161 18769693 87116877 40530014 53198642 32815131 19101240
0.705 30477018 58925077 33946341 65333946 53584976 62592309 95682513 62438718 49870894 27473351
0.839 55807734 6891577 32932467 19533708 85902415 13594221 39650344 50202214 7129557 47050710
0.84 51882781 87702160 58167592 10485555 80293939 39453440 47617011 68794840 74035401 64036365
0.712 64351832 9094010 47309391 44486784 25968352 41653367 68010479 22272814 1483935 13596622
0.744 95442900 75375348 36186255 8037892 3312964 68384832 29352584 84647699 69939654 49830537
0.707 54145049 44834214 82265540 61779208 46563585 83452915 43828083 38242277 49387766 6833876
0.94 78600742 16548749 58840762 65433400 58171060 68984106 4852765 89431958 73549938 97799685
0.925 67907156 9031400 20579604 50724233 44312259 88666413 95867853 59037205 98173534 96978149
0.891 19320840 19087269 26351536 12507696 82795474 51524781 37011857 52935392 29559783 5622602
0.713 1626011 17843176 26104468 56153459 76409465 25993176 56047853 20353642 57299090 73424609
0.87 28268399 76098 8889007 21930027 5027929 35635838 97608223 64782142 8870325 29406359
0.84 22226983 90276427 66234064 15332633 10733328 89847647 61687310 46001399 82785273 97700022
0.994 62938222 34639362 77449461 74969806 73541296 99604498 44372362 84761786 89246937 43826526
0.858 89624137 91530757 96175605 79158875 69799698 91617213 37441996 79705240 32923144 30359901
0.944 58233497 64880308 36532526 44044033 68294681 40341681 66957784 97210784 54319134 6883566
0.986 40311286 34580161 14293758 19860461 74492729 30014467 29387314 33385051 62323676 20569974
0.978 93600990 72774096 67893186 48720083 55384277 99659826 53667053 56276356 76044123 44454674
0.79 32547019 21803062 83625448 64582036 88970561 8901399 42138595 7637396 58468386 54482291
0.945 20675696 55596056 63508357 4106460 44799978 49711575 15868079 41340055 31632745 65299603
0.964 66016435 53196481 78976828 28726428 54400820 57727800 31556108 38449029 32646566 81949683
0.941 45112093 21366388 80259807 43908376 79650979 50579634 11123747 13510334 11018586 11047495
0.939 1139490 20138866 72527294 57518016 66122158 12390315 93601229 86969029 20386018 6893126
0.701 23833454 4386856 17915825 39114136 49226631 91098903 92027955 93950313 47949350 89396822
0.872 5426400 22175662 41576275 44310874 13417922 5226739 78230615 11052264 5303441 82458452
0.7 25803109 22808207 52460899 65815017 14433569 35880464 79640794 39114862 82602298 70610268
0.722 82240163 38177542 18604725 8716437 62053763 81358455 34894223 21125070 86364279 93944722
0.854 66627763 81400849 30036841 92480313 38077170 4299495 52800378 45453854 89255940 21851520
0.908 60734656 48150867 68300164 41124145 39413474 87709864 94711736 53833929 56098929 31557954
0.938 41517045 89423281 43836805 28259178 32303694 61912861 19960983 94386552 20833152 4938897
0.724 78877489 15799861 19821270 14451825 60253048 16926163 20042306 97008511 9857239 37913187
0.931 92304995 42943014 77748344 32112135 96454292 64638823 58429652 55013238 16457576 86477961
0.9 90146087 74104323 97895787 78875839 40607036 95175236 28155104 63515624 88071212 4541408
0.809 52451520 25701165 46316611 8865799 6564882 4211686 33847289 52285733 25039993 66789013
0.839 53350155 95179391 43430116 60345934 17837972 43876873 94943545 56686642 88369598 42250180
0.987 76043568 93932981 24690946 998405 22035748 33635013 55807870 12511284 65349833 44903382
0.744 18836248 32215392 68824758 81057016 66485777 37294047 27146258 96742043 24228034 56085588
0.712 1238177 84763590 48416029 95477823 46031713 82527384 50066419 45255509 367395 14038805
0.845 67253402 27073491 28328230 19838164 44629799 91315797 88404605 98857458 99865030 67777421
0.782 52437549 70965631 79253930 82203497 82171382 26395394 58376344 98149542 5291565 61062690
0.989 79319341 73433630 38949083 72315471 61261852 5974522 38183020 44641542 2404497 54671752
0.877 8428667 63688669 56001691 62215698 81706445 76758803 30996944 42302682 79308405 29917070
0.835 40303235 87517299 5195631 30799334 89715454 77787726 34110350 52990847 35616810 575125
0.859 5441743 29769617 60297305 32075348 53281778 302045 57715067 6410742 10214735 36726628
0.861 73356152 55935917 2193574 67343991 98348052 85901983 41098021 80563516 89028524 6871369
0.849 77869937 28644016 71684347 88756651 74136404 38595265 15552030 31518806 52214255 75263223
0.918 23788309 73157151 88060591 26878050 1907415 91950423 57646579 10694051 44127410 86817795
0.774 64406325 2777085 13349287 17431859 98115384 34654107 22685833 88242407 39234073 90168928
0.777 21724678 57237068 27392942 97866439 21999265 48510263 13100228 38759195 41539369 72788896
0.907 85768162 9205963 10230849 20880066 16299519 446705 32152047 8855990 36245645 24021010
0.734 60571332 45302488 16299272 67171016 71751708 62451136 68555677 16387650 64591190 89657224
0.884 11176055 47816281 12352071 47411092 23675811 52060463 25407437 73189524 33591464 97350164
0.705 83260889 11599659 8513830 21782481 19570681 45916044 21520447 70073291 92547123 71780879
0.758 84767925 47161772 3998226 45658290 52248036 58035954 13900847 68775814 54017185 28502474
0.75 83359286 85562356 64883953 78699165 93597362 8979241 99945400 30434030 88184498 66353912
0.867 61452014 51979251 43246831 86238565 49509001 26724504 5632397 4882771 60788473 25243741
0.701 47703861 2297985 89198449 50001122 87069298 45462982 55771986 998284 42301424 62207404
0.726 12881862 79812369 69862230 75351481 15635545 79575745 18222781 63542673 66349917 74300929
0.999 97429142 45728427 16072981 83878905 4359404 85641687 42556000 33022604 41883739 72085863
0.947 39386369 5226275 14304153 7370298 40292848 89231121 18377021 93403026 34665942 50946520
1.0 37670632 45626134 55301707 9985429 71264557 48826428 10081316 66878955 41390751 99137025
0.79 3051069 3509495 38272885 43990376 24800234 95536220 12492482 18444834 70458179 80920728
0.88 13438230 48658243 15216825 12771791 35460303 44799885 42723076 16606352 24510701 77364623
0.764 10581573 31074005 6587232 37113201 41807281 73847719 72652905 10692205 95672259 73677009
0.981 92674954 73291553 39890367 74137409 88301804 39935956 13480253 54176956 5467685 41861461
0.976 56394418 12477883 88301509 44730279 36111036 99467996 6986498 18373284 9227140 12658740
0.985 78960861 538139 14338304 64018781 5707588 62978060 48469806 54490879 72741232 14346658
0.779 79303061 75321709 33229057 11007045 44837154 22599555 24847621 87038284 76371930 94046021
0.96 84669760 2260963 63124701 29315551 97810988 95047827 17000208 22732400 99034116 91596636
0.853 54748819 709540 91457463 70192532 36683639 77402122 97958979 25172528 66122740 73492765
0.771 57676460 28320949 82310089 89507425 52135687 25833126 70837586 39286375 46206851 18281865
0.821 79291824 55236368 77622366 38609441 36152919 33424331 82729773 16730079 94879097 56401535
0.776 81236074 66797108 194969 15382790 54431323 79287426 25657723 33948523 92784710 17205509
0.873 86009479 77873678 16103071 90063286 33390704 17776946 95437957 5396384 30984920 33553891
0.923 98147047 9690419 91814075 52978256 17845866 29277674 37117787 15114735 77118114 378180
0.896 96265854 14867878 93445620 1846825 55479681 14355076 45816159 27693606 60005324 19378852
0.744 86968167 16541550 49493703 43635741 55180510 50831560 88519306 69641006 91310270 36918544
0.833 27051440 85235179 19584444 27753738 52239020 47402774 25233025 89369812 88892878 32583837
0.847 36761893 58713655 6567733 33837801 410356 58155654 62220991 21287616 8241585 7998345
0.924 70367938 38798708 27358925 55486192 14819849 38548665 18884147 38043501 37490780 23764601
0.828 1847858 63516387 71080683 8763750 78716610 60992435 46686694 40694236 86469773 30107148
0.835 92399631 36992495 63999739 52424760 36190400 21536347 64471524 29603821 58804717 17916286
0.705 31463449 86600010 65216738 51617675 29376621 74054169 68410468 86152815 19420254 14740381
0.78 49772507 70065443 34200177 92597864 13265355 36482003 88354700 69320842 41636644 54185675
0.706 76122371 14377289 32376774 37958563 33836123 32788611 89717427 74619451 82355208 77096497
0.94 71124566 24554763 84224219 66711135 70910956 452426 20011366 2626646 43939753 92561615
0.931 56334691 76229101 45808008 196027 64561311 25960277 25148626 14558091 98330449 41115997
0.916 57022224 33711159 93419153 36499378 78677406 26771968 84402421 53949308 89903903 80741671
0.87 47900630 12896972 50992202 63331235 83834973 26342744 32867782 43582517 6147632 45117017
0.807 32368904 71469059 44752107 66189546 30544959 57824109 75488785 2205381 92573899 10236554
0.731 18387256 31045155 55127958 5889037 27509178 62690802 55346005 71803895 99135276 9744739
0.731 73627558 59227756 96426172 18216197 29626168 99055968 28794231 29322608 49778266 12999817
0.711 1570055 78852864 54913597 16143367 37636112 86304579 79004075 60376084 28062838 12547070
0.802 31770612 82110921 15942261 12550720 33596935 80305616 72060301 84437310 32374658 5928471
0.843 37189249 72621876 22419424 88220912 93397937 97799706 853168 65706214 29039152 55272067
0.966 13434328 11906479 67605530 78232723 30780047 77265763 37268231 12470 57325158 93466418
0.805 47902263 60714168 74663558 93407352 22051215 3610372 99173573 13087728 84182224 76732842
0.706 36944494 25842902 23094606 21066031 31436416 98982219 6067200 98306463 24077528 26287354
0.948 26527418 17801051 39594225 61854927 8224212 88806672 60326441 30282898 83033289 18054303
0.709 97407689 97181942 27402375 49209911 84172039 40210777 92175332 57958238 20660064 92330674
0.719 21349862 63582971 50745863 1023114 23001583 50269323 4715002 71542030 23500952 91863933
0.953 56419315 14565901 11385328 21143899 28425325 9826486 20634593 55707449 14554533 58333502
0.769 22305534 35720719 95790791 69828365 95794186 74490480 90884426 71251601 79414336 78600648
0.995 60808034 21125488 79761514 71517618 88653040 76140861 28935675 60271621 57027276 23103570
0.883 59737061 37470286 42376590 34927300 81373700 28742337 98437213 2688078 26342866 54467723
0.789 71866578 62393578 12217134 78034525 15481681 93216577 17015981 7219866 30834888 98918945
0.91 15188734 75170631 64333466 52963261 87195255 77935179 95623282 99000642 18148672 7090950
0.855 72346760 31111726 16968753 32277069 6812646 68238437 81456926 72970220 9955322 32412874
0.862 11216291 45514836 70474490 72150950 12554260 34850736 35049643 44570467 73673108 18277763
0.948 5908071 57407701 65834916 27554949 18751884 29596058 93788062 85395947 11996795 69518752
0.744 59370896 9587874 56656310 96760222 85074507 73380359 10758474 99017935 43196957 61860844
0.749 37085870 45322842 4021179 4443428 1547478 3667070 89238969 92728819 3249036 97051500
0.709 43284762 22135715 99616134 85501953 78630186 10880118 11090760 92335945 25558010 64529182
0.986 13188314 58918771 72347561 86912383 49867187 7683639 84670720 81184381 3468355 96532800
0.745 47424065 41989214 50874566 90218279 15456185 67648431 86651909 38904591 39210089 35004529
0.748 73252711 19856655 80577383 89676711 77361086 72479365 63992105 38545157 65919584 70091471
0.973 10281598 20210136 23585405 38785862 67298838 83437116 5698862 42159618 50928280 62931255
0.712 58343093 62721659 3523397 5925231 80424826 6556958 375217 88857117 35069118 32965597
0.813 85452121 45833897 11903576 48515244 97160109 69241678 36920520 71140123 20127103 54382788
0.813 16501040 31648778 55428217 20035090 36159501 68676872 30580804 43169846 49602348 88761392
0.715 41624456 22848643 77420166 50375339 97925212 5620119 74161109 95870127 5284956 83888349
0.841 54590632 27906082 32264580 55053892 80812831 82437710 74928707 61743329 82958783 47657637
0.936 2280944 83805299 85395354 70574608 24798930 16880118 8658992 8148595 35944941 6306434
0.978 52569938 33932270 70944243 16678492 74597332 71040051 99120626 667294 35112407 83963712
0.92 86406343 23816274 73481208 63571122 66900453 33422272 69211163 26018939 50746101 96392675
0.929 70910084 86938535 8612204 53647995 35943432 32511183 20785082 90328503 8795362 18991936
0.909 83090797 90986606 39614511 97440676 22933935 70024539 76694751 86595409 89858121 89520401
0.919 54712677 39941414 21285974 2779565 32576819 56344563 96232919 17516806 49426552 96938683
0.918 70910050 57832948 28705725 13971111 41551799 33802725 11028439 62003930 5473245 52369622
0.787 84776255 52328922 21028161 47603817 50152461 39005267 5679986 25043563 54127215 30746470
0.916 49532732 45624728 72943202 91695323 25092717 39437611 25725787 97877780 3122454 89746613
0.725 50636474 41302750 55189205 37552461 39003774 68851029 77270408 71183035 67808988 3018823
0.932 98083641 14625059 49442025 32405983 74637179 93604271 67239032 69625031 23951774 36968017
0.799 18019246 62502873 81885596 93575335 8258427 90419501 92376331 45624499 5038665 38882364
0.906 7720663 39107858 32053489 27466298 29008943 28043072 47655811 26082385 70627050 34590202
0.876 95144002 16398778 52978421 97771040 29780071 18980544 13713785 12087330 12693626 95469812
0.88 70626900 62605861 96804767 16613309 73065167 6486787 81397212 26658175 32359400 79633754
0.727 91104707 26573788 66113110 29096022 18080062 54357442 86440006 43355032 30295304 5262830
0.965 4665068 97087845 10313372 11256208 82124494 67764711 66661435 43948395 52256420 12791995
0.839 67200602 54653122 74161981 96675159 70393718 1125006 1432363 24807303 28011716 3566065
0.999 3945762 78663706 14327177 44907705 55703402 15034348 73784912 17167388 80154379 70312606
0.977 32800911 92395040 50639157 44808851 63387410 85474336 94333400 66753409 35418333 97879775
0.785 80003444 16065988 97278007 55768929 412599 83357007 91284262 28682565 52581326 49379352
0.883 46411493 17975283 7777252 10234362 41772295 81026089 9517739 16532086 70593346 85803846
0.932 38498499 14610423 72374135 39224257 30312280 31051205 53284724 71120433 64068414 46030008
0.951 78726359 18695677 54664065 26132987 22897636 97033250 21163196 28935409 81412223 80794318
0.852 9865211 32231365 60571378 36912514 44988610 45324613 56139112 10300489 12378195 34245294
0.98 93337300 98076549 39453084 17455344 69750301 71954799 54659891 5751690 49235889 84621319
0.706 45297384 31896662 66085524 53082648 57535049 58434539 99825394 6222119 69704534 93105003
0.729 17285424 57246006 2411735 5658420 25895776 7433978 69827653 27270654 48495831 52424067
0.819 81527526 11862128 3660053 51846177 20668431 91926808 61153456 9754865 43000435 28568706
0.73 23556305 29340542 34094915 45705619 47754042 6986310 57685899 68326999 73858860 24616054
0.831 14599356 65147422 84071070 65131857 56971876 75345921 86456474 19138883 83373189 28300963
0.995 35404362 38976938 5414590 15546247 32494127 40803020 74427853 665587 70841442 60053039
0.934 45984239 40055973 31866734 64006673 89537557 73858433 98872578 70948559 18320085 54687986
0.714 31373052 86588631 50238044 82477940 97154487 16661403 7167272 13753926 89526680 49736100
0.835 93142697 2423190 81293269 6374169 68102004 49424714 75760777 77959511 94965380 8702667
0.941 38354650 77052719 24397834 2117054 95919070 60815117 34258271 78235393 22226595 54070291
0.927 94779410 76878220 83721739 84015259 56470487 83816810 76868540 50448148 88150338 39783700
0.949 86134135 81156098 80572336 97946480 90718918 91037105 61230430 12033247 70090164 39667716
0.744 49147913 77749589 51552873 85466762 76337836 33312949 19720859 44339337 75878633 13816907
0.788 67167702 41552908 76434517 83051731 26098769 23504699 25551798 14543144 24824185 29934299
0.788 18963920 57696791 54252439 75687408 75141628 7351443 54736553 83512668 93909136 3081728
0.997 63481972 20803857 53417821 85931487 15799663 61361861 56063235 4096369 86159185 59322805
0.752 28978527 41540622 75384682 97227493 30616453 69792383 81434066 29581231 43725194 89945548
0.899 48560204 87266969 32743997 69821206 18592250 88215833 75316719 2348712 38211978 412348
0.969 54689989 89064587 15811556 19120157 93300520 76003182 81873755 58270386 45813843 4018464
0.865 19762536 54523392 79257196 48146877 73081609 90805566 19677965 58270032 88706994 35707089
0.728 73902153 51329407 76895118 50774044 46267189 54616541 84604525 9771608 29075869 2004286
0.869 57170552 13187264 90195872 92029212 19557879 25539836 70934691 42103387 76706373 45211575
0.994 16131083 33813544 25775293 35842449 53508647 72674616 19992004 32292892 78867841 41707179
0.955 36493995 84025838 5444149 3953262 22044652 64212086 30029161 131289 874204 89619369
0.956 58283799 80583309 52435239 52249121 8402695 7402229 15674475 51967417 67632223 27119856
0.723 89699727 25948701 82126467 44941595 3420583 6431196 8888224 50357342 70841778 7514347
0.884 37479908 10751435 39330435 84538649 81407573 9819744 99016491 43136609 7291181 60819005
0.822 23781932 84495057 70035846 26293187 78176784 59500546 86177608 55181600 84151519 19280124
0.715 49440584 29596454 85564188 37554150 36255095 2257260 66473852 59142981 59417509 80374368
0.784 21785186 7809055 95873785 60267126 18754310 97444917 54119168 55250204 90112900 17452167
0.879 46244783 2612210 74553181 12357361 66047752 97306264 83938382 63637906 51603116 6401529
0.995 75889571 93855815 80771986 8964953 35372528 3051449 53321871 70327598 90547630 71609993
0.779 26208498 26634065 27201429 60916922 31153693 11970455 17806084 42171230 48033697 95954791
0.979 27195004 46270369 53863225 14591250 62705554 73106438 10623444 62311256 1428262 27503499
0.955 22048331 91004008 13644112 10548786 80923515 21928870 62336 50979859 15115604 29376377
0.925 31940192 68893211 89876603 42648480 17764558 62777350 66538181 73298017 76965229 46300448
0.813 25553337 29293518 60061004 9977213 89640817 73174001 39826179 41218029 35513832 79531389
0.715 22641668 77686096 43355368 6413678 18904718 53094995 39462227 68487095 5771530 12685755
0.829 38219923 7100134 31743500 60631334 27499912 91543032 33571334 13638593 53466917 63135754
0.86 19028482 62170333 99444123 67063002 89560316 68906145 22859720 25051514 10090296 1880862
0.95 85773512 12384073 65978123 79053312 71973450 24480241 13735568 84324385 25955748 35044029
0.856 56353692 23034395 76842305 73299666 45652489 98589359 65941954 98143831 92177948 81402258
0.831 57179503 31088690 72391660 32618852 15433087 69162437 23785610 72948912 91473641 42740512
0.823 45428845 30723550 76829631 60350097 99158107 3076093 66145997 94330812 79002110 73094754
0.916 57537690 54060403 91368088 15971233 60877634 64199191 93967381 8199219 54044021 66634324
0.771 54369546 69562011 19668825 2075251 49001054 302186 50481546 72560875 19277622 11321601
0.898 22943214 24219451 30052451 84446429 46882764 44008731 90447050 21369764 11568108 52795451
