10 2 20 1103515245 12345 6789 100000007 100
63386558 22817931 27068034 88846026 58972121 51414483 45109770 65361322 71579552 1409591 71049453 93533805 94786341 71362280 40476999 37585372 19046173 75215925 48062122 86910668
0.908292 79327922 15434192
0.96495 49134694 93345568
0.9105 77838053 350505
0.901964 1722970 74473848
0.962764 18805744 1994393
0.951556 10029572 30386054
0.913828 55912224 46533990
0.950592 51451664 3939023
0.928368 20453964 86952374
0.925708 44198337 4672298
0.943521 16515971 74354837
0.967372 8028041 2285462
0.995475 6239588 57263084
0.957898 85896933 82454329
0.931755 4336927 65493402
0.901405 20529597 36922216
0.963777 13525212 9987574
0.934979 80759387 60878947
0.91849 88695872 34057934
0.993769 53987416 59781373
0.940105 49708332 60082836
0.95742 75604991 94083521
0.964496 29408699 49725983
0.966817 41456898 42264534
0.900057 63482558 32194818
0.952153 21233842 57211229
0.913201 98007194 4883874
0.985146 46013802 24256093
0.905871 75652157 12433327
0.912299 38039551 10531667
0.983926 48838307 83650608
0.993617 94100238 25478586
0.961543 33264210 47724949
0.900465 98664020 17340910
0.92152 848608 17903129
0.916998 42426165 68063697
0.906001 17236505 70991481
0.920484 71561965 39001287
0.991867 97904289 50512883
0.985259 97791845 35431468
0.905512 39523606 86700194
0.929688 45844900 29941367
0.952157 60104260 6045927
0.911914 76377324 62561658
0.974379 3259600 43542688
0.993003 72612661 93743958
0.984854 10916720 44014283
0.944683 39689699 69531416
0.965714 20885494 11044484
0.919066 1597384 55907211
0.948804 86827361 42617056
0.9379 98363428 91357169
0.987528 82427477 33073452
0.997803 69748284 9865060
0.957313 20158268 11967269
0.92878 71904064 12491408
0.935086 67707026 16918091
0.904762 9359576 30866802
0.918885 98136252 4256390
0.916976 95171821 32822948
0.951281 30879657 55111758
0.981297 38661124 21989271
0.952742 93674544 66520447
0.990232 56233167 53309386
0.957459 8071918 40081278
0.937534 24517780 91224711
0.915009 97731262 77589546
0.961623 34646535 74653389
0.907633 99457714 19832088
0.944598 20148192 35203027
0.917967 85552180 11465015
0.94805 76810299 66876944
0.923091 96223270 79686096
0.991887 83312501 28735451
0.989801 48903354 14915624
0.981295 24550985 19601777
0.963656 80750068 26023567
0.944828 26369427 59368781
0.903953 23249148 75607623
0.996995 88289518 34104526
0.952728 31781903 47646399
0.955847 97181656 57424802
0.925304 85889080 91446028
0.936957 5091683 75540854
0.983614 59800430 44889327
0.957258 13714005 65118511
0.952271 39978602 43644557
0.939287 94629111 14695319
0.988905 17310689 41405781
0.915803 81353237 64558134
0.993209 63565636 60608390
0.967749 21032897 12988441
0.971972 89426744 20755500
0.996227 68219028 62056596
0.940958 3156216 67702415
0.915322 64375403 8518031
0.992783 56567564 7795666
0.917139 96458153 47268470
0.96288 70402122 59348855
0.961846 33817611 58301595
