100 5 7 987654321 12345 67890 100000007 1000
1 2 3 4 5 6 7
0.868 79694801 81745321 37940248 40060760 91860376
0.732 8568064 45135227 37108953 85979171 43639158
0.958 35050544 88062882 95441390 87438349 40103064
0.757 69429969 32252798 7620167 80535106 54237172
0.898 91369490 18781020 96808992 3416548 87966375
0.849 39675382 34819604 56178935 54304344 52113377
0.921 78252116 95035406 76778235 25489981 46059101
0.918 29845082 92116057 71757508 85672999 63852097
0.972 90176660 48116670 68090647 40291467 22815223
0.952 74926784 24311643 39431028 13100061 63187139
0.738 34715663 97332902 75031958 24571018 91229449
0.97 87836731 11985619 29830361 47685330 29974566
0.923 41216287 56434872 44468633 49886371 34971668
0.876 62244897 15808361 63154349 7204398 85147289
0.875 83302863 9558414 63380252 26111227 67172936
0.736 91361707 51226775 71113720 40044631 55446317
0.716 20237141 18436852 26883353 45992373 54920799
0.996 61414198 19223220 42464268 96055394 24207075
0.934 65441993 44644768 84695784 23732951 42065724
0.89 632635 60673557 36712288 28102825 22629881
0.873 21264801 65709924 11816709 17368573 82474074
0.83 57634397 54142556 57582820 64075580 51447859
0.701 71643088 26764927 98067400 50076822 1889398
0.968 71274148 25578773 2404661 90831598 553491
0.888 33396474 30368869 93083315 46217844 41888314
0.739 51479273 67556678 79010042 41086072 22417070
0.72 6136213 40024028 39034245 61193393 97687945
0.856 70345879 45343466 58205561 92178071 17956913
0.803 65790669 48217837 25290114 22130289 54142310
0.706 30107903 97598947 17610141 28345472 98526096
0.707 67730769 22680748 16530521 49203071 95443580
0.895 5014834 50357475 85942441 34331441 71770706
0.887 79715138 6437132 88848098 14510741 87720360
0.951 6473999 92576644 15541047 55938669 59634854
0.814 73454998 33921959 63672398 94203157 20552371
0.762 92038468 84598956 1248835 40415166 56488410
0.898 88916958 69834723 36235719 83590502 81286864
0.91 56213840 14081350 68663747 96471169 82906016
0.735 15302505 14262473 66805406 26661903 81738839
0.76 35298445 70215481 27068117 48039455 94413682
0.823 21524980 5288944 73569939 66619601 27876214
0.906 64513622 44372866 31474764 367488 1711195
0.901 14821786 77061479 89794603 66317520 20017834
0.985 68679929 10072800 97115064 97116760 13594977
0.971 86481420 31025808 61304112 39731424 35450260
0.839 13396125 23448079 5294153 38999266 48347193
0.94 41970837 57176108 99125187 15555976 12750478
0.955 6159129 1298197 18574987 89034004 86865529
0.751 47986515 58749047 83457527 36011877 98390714
0.728 45999465 24544318 15278272 53791447 53720675
0.989 36484819 51769856 92597136 64188958 56604960
0.895 22384662 15174194 17785402 93438338 97497249
0.718 21393688 13920137 55838294 79289163 64783521
0.941 91052385 58809216 24328380 82050405 50969286
0.934 82055138 3867648 91867220 97613685 17536261
0.845 65514730 15158211 55201639 59148126 6170301
0.719 87909064 42176303 1658959 94565539 90990079
0.857 99807498 77396519 97143240 75834657 30062746
0.993 89904987 45405943 69672379 70209719 92374229
0.91 12783183 58095862 88813650 97529576 33363439
0.845 89081734 90770854 86087848 51657265 19952062
0.952 74939694 82263926 7323740 1562947 86355513
0.98 67856130 62986894 66549837 22200132 10048242
0.925 43034742 32331952 44411953 37333618 6757958
0.852 73886264 86344588 50819877 54126921 31541166
0.724 59618021 76911446 60142774 11813825 66901651
0.834 15932563 66756320 87694240 2384932 13776553
0.821 4809280 74776858 73698792 22778 12199793
0.938 83089652 85568918 40882445 68227936 75475000
0.762 90123764 61231190 45748676 48767001 7284695
0.945 60996586 44556611 75182173 83182506 80524080
0.842 88203489 48760568 96088283 60737878 15303956
0.729 88437437 29762393 294869 45816176 47665946
0.949 39189370 73509785 70059652 50182714 94233737
0.732 22032560 66091781 18850770 96214798 99658124
0.916 14356130 34130133 81987136 26296134 25171649
0.736 52733674 28935933 61343676 25579048 96205645
0.801 55629268 6241172 84992096 90213341 79028889
0.737 60465703 61389561 88376561 79096676 67672253
0.74 66951647 582186 71184297 98812961 6519170
0.866 58090825 78533572 64818030 68227286 23783708
0.908 23306944 98045333 17231111 13898777 51996696
0.897 81357521 43197138 67660514 51628545 56192230
0.994 92947861 33318046 36721417 53401206 46017729
0.991 60779921 17900864 18546206 55397759 80869462
0.91 68759020 40119441 94152972 73525272 42132393
0.914 74300459 84903891 29171224 26962876 28147161
0.887 39000919 92155408 46344519 90244472 17806897
0.994 87253117 23865616 67631432 72811973 93188975
0.891 95341929 15489430 47276557 75467972 64474159
0.875 89544328 95311180 56032939 90495428 71659221
0.786 56691738 1714029 70159631 14290224 3391969
0.814 7122263 89959993 7597364 26830448 35833216
0.925 21600382 38468887 91723097 33629729 19653285
0.952 92690071 39613096 27380537 72634888 4336089
0.808 60746206 13754633 82692727 90667566 99253000
0.869 30106027 99644950 86854901 75332458 52195484
0.771 93432785 38606206 93004305 89186817 6305532
0.978 52016704 55910573 91959110 41963706 74104909
0.716 99813693 33734435 27257905 83290380 59467023
0.949 85065651 94573712 95233578 86923747 49357377
0.927 73365441 99113085 80985229 26369633 97296379
0.989 39483865 60238919 23813700 91624920 9995059
0.756 23326387 98660698 68967357 16019397 50626689
0.712 37461811 74705402 35465638 17457234 21599504
0.875 34227688 757677 44367386 62589932 95252884
0.981 5360735 20629718 43302669 80111922 6825701
0.932 83935292 82625597 88837400 40420315 65840632
0.937 73841249 48061434 9781894 94983411 42662313
0.858 24678492 69874593 9150490 67798790 21390345
0.825 72079745 54145722 12340723 46896070 29688703
0.965 89031246 44544651 44434998 48425464 39402883
0.766 82984217 71202356 63734252 75341065 87147586
0.703 89783401 46440312 59816445 32258945 86203262
0.884 83366885 32725927 5352233 91610492 43075436
0.814 15216804 51791391 34439001 72509424 97170361
0.785 69372824 50326016 69029393 68281335 59801634
0.846 39786693 87446634 25838575 42991650 68973779
0.725 12879054 22467350 72205759 71565674 983894
0.888 28290610 89970857 84492003 28611881 91993526
0.827 13948820 27592422 72176148 94320550 99505672
0.933 86779969 9679848 92079205 20636590 3188066
0.838 44522084 5085015 11746856 9831184 7283737
0.753 33810519 74904794 9454577 77170132 30554079
0.973 54711545 52080854 60549061 84586329 54284094
0.83 2267067 52278055 90368626 15878730 71784254
0.702 96675107 82993446 8487605 78598977 6109168
0.91 9742790 48009699 67489633 14245271 38901209
0.936 40446607 81411889 11610534 37784631 58743898
0.814 88680762 4136476 63617549 20981381 71600831
0.766 52478133 73245898 39591339 85100169 19337491
0.789 97888287 86965116 50080729 1496555 74292758
0.962 18974879 16540343 5606696 675093 76868988
0.879 72095327 73487621 11425533 40894954 28192821
0.924 97433661 46150987 28418851 55385548 86695458
0.955 19120002 21602928 24695085 29633659 82796892
0.95 26082023 15384377 24341456 90057130 76140729
0.956 73665549 61909967 86526748 73774735 9817298
0.787 9041276 33646722 13180503 26496940 97386941
0.874 44406060 47934299 17208745 90099765 87976094
0.77 38270459 83150000 9369589 25970938 42652506
0.846 44069864 82724080 88506156 41027069 93074374
0.875 75907105 76082915 48921480 42457517 57486445
0.751 42038976 33041067 29732676 95589748 99296451
0.892 37135338 48249394 18026223 91211707 98377943
0.799 64418331 62122457 59774935 48149482 40999730
0.846 14607269 23591471 86644469 81420187 11002322
0.953 18790705 72292089 26364647 35330756 98454691
0.966 10262606 97633380 10120010 2500515 68072320
0.889 78100019 77698748 54376227 79193333 28556255
0.972 74033693 34979330 72943217 72434236 63364719
0.896 19949181 49099345 52680236 29971710 79134873
0.92 39057246 17969238 62371131 67259613 68506338
0.727 48837208 67399750 1421591 88943201 32062038
0.954 82414513 91826623 22259144 69006257 18840235
0.834 24044459 76015183 75942072 88504955 19622504
0.921 64894729 48156722 5425057 29369404 65450221
0.77 35481411 49584751 31409454 5745651 89736040
0.762 48486337 52088975 63038607 61021210 6232730
0.712 87043518 43496088 13854626 94453880 69977486
0.89 36707919 99577435 35341684 77662596 73061428
0.871 50554391 87734815 50803895 49029303 78876916
0.896 10447168 69345320 33767356 50509993 29917031
0.855 47365168 46309454 65345452 64707720 81095825
0.702 18652010 59042204 22227237 30868838 10346606
0.854 37689614 28389345 20164926 25086055 21120146
0.809 96274739 15882013 88732634 30916561 55648506
0.943 96671078 15212062 64628070 90627759 64265413
0.844 79294612 21642106 86873663 55149958 3012656
0.773 17164449 76972056 79503557 21626387 18082355
0.889 5260108 76808685 19711900 7504382 22325960
0.777 24164229 69342339 54419425 80444404 75645742
0.891 96576003 97707058 88817918 38044635 11508969
0.765 81406527 63272042 64648438 22893086 29442512
0.949 80643207 19154498 78201440 24412077 83646063
0.898 35503367 22511225 97198706 92018488 45992559
0.977 80065352 79268452 9239937 30845084 50762668
0.816 14572034 2222998 27158762 70157128 67693989
0.905 20073763 81270313 12924976 23813202 63870080
0.97 80505645 5239398 71327320 67555702 15772785
0.728 88502178 17492440 80996996 72381739 161088
0.969 91074695 87138408 57914523 70067590 56463253
0.811 5830187 93636032 71110769 57573535 30801123
0.982 64709513 51168696 47045704 79060695 99508223
0.972 93510511 77325627 13115341 57108220 17969486
0.776 31207351 11249805 38019408 80301439 72978342
0.823 25369971 734097 95180345 99810433 954835
0.873 15814687 69761254 965569 50335658 87851693
0.762 42399610 54874257 48623028 14305357 20774029
0.828 78567056 34042008 35071480 71954780 56849468
0.869 82125234 36985109 91349351 53345392 27339300
0.824 74834795 64755726 23987338 49689143 75040303
0.866 34061458 41158280 77531025 46218720 94689883
0.819 18531242 88487446 15983420 30839382 59940949
0.935 21715773 13459168 28784084 68228715 53762374
0.936 73897088 82413089 93557461 91880684 94863739
0.716 52224611 85345915 710096 12225702 19505652
0.842 80563579 58435370 11830043 8600733 35311610
0.767 10742751 81742470 5067435 97240034 51583363
0.979 53773642 82405066 88070348 69928180 38449249
0.913 80191410 7712557 23524492 85938445 66353000
0.832 27072687 88165507 69545356 38387144 26138432
0.71 80465529 68524572 69231333 93744336 31094351
0.885 90466021 4840043 48283485 32112480 87915178
0.7 21131878 11655844 37035619 53611082 47395992
0.901 54418707 78662348 26885204 69490249 2062459
0.921 9209640 12101856 73765077 38184109 97460687
0.949 78239864 46720553 46637316 37112255 30372869
0.882 26108729 61036720 54218119 77162674 624307
0.778 54644684 67946127 14289484 74978145 9715480
0.851 45629449 15704681 68892172 34587020 72196170
0.944 77160950 33573422 93172854 59427400 50610858
0.869 32651583 45588495 61585593 91482088 61836850
0.969 3670948 64688940 15605267 34603983 9066979
0.815 29579214 90853721 94110263 30860700 42376656
0.824 47391778 69324022 71893982 1305024 94062273
0.95 33320572 38559355 12483514 53543563 90422203
0.925 45901507 10204415 74430642 23955951 63962190
0.794 29335449 77002404 36114740 24532913 91685110
0.979 25523849 66974557 98933531 26798789 31522559
0.921 35622106 27753358 30763714 27214866 33513553
0.951 47785185 20937370 14319594 16089818 10534423
0.903 89043272 66124358 82386462 889014 72675403
0.987 64732147 49821155 83304578 42334540 66080806
0.969 77110685 36874043 65874779 24544645 68603195
0.784 29808788 77398691 17212880 7267644 70563016
0.94 64199033 72580645 4370484 67441081 46612335
0.818 92118813 23461307 61363812 16155543 93716799
0.855 42365995 92504274 1129926 1586450 90476581
0.763 77981603 13522144 43679307 48533442 82245683
0.959 25119175 73626933 35279000 31828278 36159360
0.841 82286747 46049627 49113508 24684475 66943778
0.827 56249702 94048056 49970552 48999937 53766628
0.784 24144323 76693314 17601200 77295013 92074960
0.769 13404289 96746213 36231955 31649234 74536479
0.83 51121302 26315159 19574814 99125431 20072000
0.842 1307588 23703827 56575546 67054885 18048483
0.999 84644676 69391501 71669929 96711970 42376193
0.936 40269906 33685164 75448945 76213459 6403434
0.82 92683136 21923376 8057946 28919534 34130183
0.843 84538675 12925420 60378491 99937610 44916840
0.778 48359530 75208908 74825240 34589898 46189726
0.706 16272220 47122567 91212468 81279039 26703705
0.873 87223468 87124881 72267959 23426205 38199537
0.807 90354413 68510704 65430302 98854868 59985944
0.967 51146483 82364557 38456543 62243750 84786974
0.987 22491607 85977279 45283492 56615250 84728082
0.884 54327674 9575640 10618223 21743203 46120632
0.768 42530677 87645934 39105187 95352768 35899536
0.882 53077115 36406303 59713250 48743159 78775038
0.856 60436720 55564671 22457056 24680787 3100576
0.738 31491128 88855162 33775489 99841258 94045949
0.925 28262427 22402343 53290556 13825676 12825003
0.719 63509922 73609531 7224328 3538638 53286118
0.857 11173787 13949034 35225746 82960269 20840572
0.725 52324272 41523026 30783635 33204998 98998087
0.785 84084814 16966692 17619715 70698159 22898616
0.709 89060057 47894420 43647781 63908407 62705646
0.992 72555977 36562845 73624500 59706076 18134815
0.991 93633357 72381952 23761455 79299984 80206393
0.837 85342494 75696716 58381674 70257585 85870691
0.892 41562039 46596140 64646194 72433029 30484663
0.941 59305486 41321368 49094606 55325058 34870711
0.747 1416778 12394 70238316 18293937 46155452
0.786 71819757 1116303 92310921 66025948 64030858
0.79 57772049 39315407 80128487 31033204 968781
0.864 25309568 55262252 75236332 58667423 52982727
0.775 95957351 98934283 86703417 52307771 50782359
0.766 10631350 56672010 83929434 32153442 69338228
0.929 82304487 93136977 91890864 36489118 38208680
0.895 71396350 36080681 55419020 25233016 9189076
0.755 38868823 14811778 85482292 61115104 82910238
0.836 94015840 83584597 66034587 25204672 43036072
0.706 6661503 71802559 2970357 24956121 13726915
0.785 16782477 95991974 58843284 97590659 1101134
0.77 20224423 1976335 66247126 29150491 45890766
0.826 66893545 49848072 62234675 93541005 4259684
0.799 19607576 7521339 35769504 52669959 9581091
0.863 24374441 25795612 33565097 51214452 1693222
0.737 95923064 33415162 51646699 59453211 33173547
0.921 4497675 26733470 61852177 98693352 12611138
0.856 27977300 63461570 52227199 91461639 41890609
0.981 21288466 84444996 97742326 5662097 99955240
0.981 69917538 16393556 33999060 64589542 85700705
0.79 48375646 6991067 89482259 29231043 15157001
0.771 58272190 43555463 2022353 22462726 37057520
0.875 53124490 32626898 1198544 5636254 77990837
0.935 63789750 92396361 80022258 20802666 49848284
0.931 33382936 21165928 67098020 12267708 92065931
0.886 83903841 8060088 8022882 47716774 86513378
0.746 71988124 14413864 16888275 65477163 31229060
0.795 74940527 86522918 46616197 58883853 98406939
0.758 92509566 50703288 48072427 97227209 18083446
0.775 5300062 65136149 94841733 58720256 75031037
0.788 93554826 65779034 25471281 76061419 25048615
0.863 43443711 98301387 62866875 36953423 80353461
0.974 74426456 21520928 9244458 71288059 20807167
0.835 35346140 72693120 49273033 60945449 96613
0.933 67908497 50874366 98469875 24901990 2512536
0.886 48865345 83241474 32049389 43042832 96771460
0.719 72337519 52008140 25483846 70339453 91700797
0.849 74016756 20687181 82280734 38000942 43298644
0.823 43221337 14826245 12919301 70222787 88434857
0.72 17418007 23976493 4197492 27122588 14368701
0.846 13254482 4270425 76639957 86134450 52156850
0.897 70574548 83747900 94128774 79228847 34351488
0.715 29624910 81329718 96347551 9512542 1756387
0.979 28016352 88013189 65955329 10731620 62821834
0.94 8147041 48442674 74896161 99787852 55828293
0.947 95084373 7824896 82803389 35677170 71003974
0.712 9447334 40789378 10460308 28977615 69724133
0.729 97330929 31006711 71358338 51718263 25428946
0.758 88164473 33388408 76507818 83929707 24011268
0.868 74912498 55725133 14161873 85714702 77385064
0.807 61568435 94294720 89287317 57321034 13972387
0.75 24212413 73815115 53896091 67738718 45300210
0.897 71658908 80519326 59460086 47288136 42299387
0.865 43574336 49891348 55343779 84992144 57792552
0.948 43412847 81659860 32309234 75584002 73232714
0.764 73851788 99935614 34103265 48319528 60720566
0.834 53296593 26256 97484118 4652375 38182550
0.879 69472352 18130896 40512501 881653 40310141
0.995 28833029 42265790 2912708 92572541 37038339
0.976 68621697 74668420 76593789 76720441 20765467
0.728 61789789 47735307 20952341 18576833 35566111
0.81 78135616 33535226 31271945 34392465 40305910
0.728 53660012 76378602 29183937 98551508 10361818
0.917 64764506 23206579 65535348 92555887 94334647
0.873 12799546 79890579 86201956 40318100 5015930
0.919 77347488 51210252 10533057 7505818 44881018
0.804 58291349 55904597 16178675 30429530 87614538
0.955 1534696 85078886 84851591 51336531 7264930
0.791 5527388 42857940 72468141 75821325 20076290
0.798 93652923 29634895 20561818 6780654 90413791
0.919 52731823 59809598 79877290 77209399 67743626
0.727 57973424 38894019 52925057 19865888 17742113
0.801 63868130 76697457 6618423 73571770 53578549
0.779 53489393 67353558 58316409 93666595 17498659
0.929 64548325 75067462 26589676 65479608 53058791
0.896 26320002 75318641 82677695 98739654 70363346
0.774 9615892 35736421 57722445 43407575 91903974
0.977 12025190 15103503 90160430 55510043 56846657
0.81 25567100 43048774 46241350 79708841 87967622
0.707 40912093 22717056 46938140 82707781 59352435
0.887 59118000 6023362 31338443 26801295 91987358
0.812 97775836 11517819 15082279 99264966 7319968
0.773 83349536 19820881 38612439 1843251 46073103
0.908 14935479 40952251 60406241 63242092 3053200
0.8 99322861 72209870 28437423 27353754 73339816
0.857 34716489 73658696 64830696 83623280 97968684
0.998 93290869 93785339 89692417 2468064 50547291
0.875 89057266 70705777 5836056 34286770 22859916
0.718 26936968 93486229 82941828 36410780 7124981
0.839 1118594 8938604 52163068 88633740 36414662
0.899 88597172 48347794 14480943 2560649 39258091
0.96 87162488 51878269 31026926 51096850 68255127
0.993 13368583 42339783 65050252 80142265 71344862
0.726 26692577 67196215 61469875 75254207 95625996
0.706 33204410 71056927 40926679 44770958 65757673
0.818 21072888 2465878 46544010 91846715 47232974
0.807 40577537 31702866 67276832 37027755 8322800
0.888 51965156 3954845 74482698 37606981 30277197
0.746 52726977 88171888 18422816 11783647 97964132
0.815 90998934 82201431 83956490 92143599 30524866
0.825 76893142 20501644 57239162 41927304 81251236
0.799 72777382 17686156 27750491 87573396 18599426
0.874 91811453 27153619 18536762 41473062 92413212
0.912 70303981 18153282 57722252 19482024 88077934
0.98 21212832 42613620 9101846 74804948 71532887
0.985 15889673 24714210 42627226 19531743 97586963
0.709 42773504 55571528 55197277 40714693 59459055
0.924 85476210 99098265 36748299 20395330 25224021
0.732 24796255 3516265 82138779 82805158 35817693
0.882 82189839 30992396 80042177 31163012 30992534
0.906 48219240 10667011 92360759 63968467 17996802
0.851 81163038 62916371 95565589 87183615 50191981
0.755 52004039 65960711 63598657 18456645 21983035
0.758 4325777 54839908 2015179 36219821 55437830
0.767 90105606 27223861 27455861 8876667 23767033
0.978 58959861 82820305 65759022 92323369 43606752
0.96 33122766 57385552 54340297 5613827 81594977
0.921 51052956 96663730 41996390 52902012 82074794
0.982 76763742 79699265 71962094 70495248 86086421
0.963 5168989 69880338 14672184 60614013 61324136
0.948 5692967 32980201 69619091 72191574 53098035
0.995 5268263 74853354 51995659 69273350 84644215
0.989 25481281 39081432 58995922 53424009 40876565
0.932 38374806 61920968 22345453 56701914 39516346
0.884 7321129 92603918 69386491 19091078 62220513
0.949 60625891 12138759 96992010 67197151 15189633
0.754 78577462 93430858 73337520 18160554 52756521
0.824 60516875 3343647 24008676 60891997 79230801
0.969 27102854 61026547 12103709 33565477 43496580
0.908 95491852 22010905 96418622 98416804 16581824
0.727 94788144 60317234 85103759 48713437 11449650
0.857 51551334 97559354 68674708 82150984 21461370
0.814 51084208 5892974 22935793 44988861 75898994
0.961 20144703 21759927 19408873 24007090 95569396
0.715 41347409 41542843 98000650 59895766 38759467
0.888 15777827 17659164 27226295 474177 83558632
0.93 1638498 61557975 66790446 66926628 72947490
0.942 81602221 66231992 31927492 29108314 79035763
0.898 60899748 55049584 59307507 10657547 80693921
0.88 32844845 73462947 37327686 83183589 84374018
0.867 27868647 6565770 24808803 19898606 7390556
0.896 4928616 19511823 4352961 89522760 77590290
0.951 40056146 44440977 11771255 6580878 14614652
0.825 23924094 21654047 90206459 38168910 82019078
0.898 93931849 79855385 76810468 75454146 23812810
0.99 77707540 48343701 4810369 12499198 40170625
0.797 50860378 9082067 57354434 73882978 8714202
0.788 18058430 16377680 93230242 36831833 44185620
0.858 70416822 28164968 93392654 28058347 82148463
0.717 76687590 97942503 84420078 70994013 11766833
0.845 92429612 81171931 94865847 38545627 57318164
0.883 42478375 34850980 70516816 77194344 83650413
0.806 17409802 82448605 75515502 66625267 69753731
0.919 66805681 66102828 24146739 81793056 31235369
0.913 25978571 212187 15865493 3219453 62395893
0.888 15827722 98981329 27827473 82585240 55650977
0.824 44800838 46929234 75217695 85564277 28499515
0.703 27002880 92612522 37799296 34147341 9104802
0.792 68006730 73818891 43476321 822924 15278911
0.906 45816776 53156840 97226871 76359356 82677226
0.988 23572537 26040330 44360949 45357116 90257792
0.844 63686372 4772547 86657974 18220579 64625235
0.747 61823092 72070563 44977656 62071682 55559839
0.978 7519183 69937264 40177237 75825317 97303041
0.903 74514623 71925331 2512345 27952515 77496999
0.906 47458790 8886963 20039365 37642707 4183991
0.802 50363964 84088862 71708931 22276047 76635858
0.882 25149571 79885300 15682621 41376831 94659224
0.957 95273114 4245067 36439766 55548633 11649801
0.849 31895802 49873103 60653840 40618137 29009803
0.858 23489813 15063426 50226379 5019076 27125189
0.974 59562350 67913458 3346688 64781956 67116153
0.746 45649583 64890505 98306575 70280155 41655640
0.933 19232735 13187101 69276026 90827456 17812995
0.762 4905998 61655384 52021209 95788157 70107942
0.735 41739205 5909601 92214602 79763928 11687128
0.8 6192775 13838227 69870757 88447373 41940463
0.707 41895110 85745109 28165011 43067834 26918105
0.758 37131272 71440849 42835559 59205536 90076744
0.735 20041488 21138757 36726921 15362614 2047721
0.987 75111698 68996054 13740579 27726346 72816971
0.805 42746321 36379997 18999435 94536752 38019546
0.872 22988138 9562056 41792388 82310750 45464764
0.862 6808353 17458237 3891332 63181059 90663530
0.715 51485872 7220897 11558774 57239263 52602177
0.754 80010054 79558393 84486125 92626995 93867248
0.834 47731087 41935074 44604858 26594858 95683641
0.928 71603135 10542212 62504573 76207390 17689263
0.728 93764425 62850928 13054418 61147472 41660066
0.905 95323564 62464469 63155598 31097470 30037183
0.743 82804565 34635255 48781345 52623673 24609232
0.91 89279031 44335867 43588695 60838623 65432046
0.709 63798298 15151444 47169588 64243595 61906810
0.954 37883942 46790372 81126594 77132010 17098533
0.852 54450250 95868110 14358786 43737494 74645170
0.895 40549608 71503899 61870997 53796676 79260394
0.824 83332410 32707660 73544472 21343341 64743230
0.815 45729880 27949250 93155137 79318677 57867771
0.935 58432185 76129797 45929418 73085160 93164975
0.771 88934311 89872888 10454809 99236164 95550784
0.872 65314414 15344154 79478790 80003898 62130518
0.798 13106885 59755911 23645674 41343854 54464708
0.721 14595457 92007417 80048179 50856575 43943990
0.848 88605814 8252004 12151134 29207357 18645088
0.966 85380301 24741 19693143 88701999 20027490
0.836 39124904 52342586 82620697 77568641 60016768
0.759 91471634 42493026 40229795 76541203 91208855
0.791 58348074 96340306 46206415 11983952 78212291
0.702 68507933 54250458 17120235 39484797 8376603
0.811 73670115 7130627 113187 94402592 75165988
0.946 48216998 14723458 37877483 4185545 31573535
0.83 79210454 52917798 83914843 42698324 95532642
0.815 51212793 58410219 73164605 28348941 88917575
0.752 18665507 25263378 74547422 51619474 48357021
0.952 20705405 38717904 89934747 16850922 18022414
0.703 87025331 2108265 19326800 96816512 65323947
0.897 18223512 11363335 18417392 86200382 55815175
0.958 93333735 81125155 57137046 83650995 24131995
0.836 56925051 74094900 60404120 51635535 47688529
0.768 57011913 81144449 997236 77569592 66861495
0.954 31776042 95580470 67340900 36138183 55141717
0.978 77356703 49253883 4491176 5082158 76255745
0.845 49469782 15188664 77882357 64630252 92676974
0.724 98003834 98152509 70653292 37503167 62402697
0.855 70243759 81882291 11871068 32914388 63411376
0.889 89085263 89753695 10479977 91814860 85052118
0.862 77796412 41943002 82280717 7083242 46109986
0.861 1447323 62930506 60939515 68808477 62979305
0.872 44495054 56507825 47367387 39542951 38816900
0.75 93288187 80213415 40811697 97572491 75659375
0.778 84463223 63506531 77596783 22693431 76887967
0.715 39158452 98969478 83794410 3663887 38495745
0.845 17021671 67859961 10316277 37292234 33829709
0.74 37711414 36939015 34488013 1906295 99512938
0.733 23436273 79426041 99182503 20285078 88470372
0.834 23541704 35064728 94056411 31701674 65084661
0.754 70784933 4441335 46016278 11328172 19470999
0.879 20689702 66565050 55424925 51427803 31936764
0.898 97441948 85573823 22452379 28300713 77545284
0.92 46315279 7291483 86202825 35486562 15568500
0.716 62279029 53518621 63918769 40448811 63923372
0.924 71473736 31361490 50975999 91739153 94705076
0.817 35248951 19481680 71194737 58349054 1592230
0.787 60239684 51271721 91065843 42371009 71169409
0.905 5505291 13068017 71308986 85553621 47490002
0.987 57953319 81937985 87518806 36586490 44958564
0.781 13190487 34271680 87824468 78406887 52499769
0.838 90636039 32453439 98557883 90179529 79017236
0.931 69786819 45285947 90961791 92647588 24148004
0.794 1419753 90301937 1137651 9120357 1605433
0.823 70499776 13946199 92006192 59853349 47179735
0.766 38023482 33808923 25914696 4569008 3181023
0.886 7634560 79743930 88128100 29101720 80448089
0.891 95036231 16103055 11594582 81159552 17435856
0.813 86960449 75976468 24799223 14877375 93369050
0.755 39536330 62673716 88647835 10162184 85735668
0.836 37095573 57308741 92908395 89600963 43406567
0.777 9931717 37216895 8373492 51378412 52155724
0.8 8060935 34660198 35522715 23881291 59132953
0.721 26933352 81913332 52698503 23950102 86635285
0.848 19310253 72562419 57881875 29311339 82405160
0.893 59268093 96019405 34761889 13862962 4678950
0.722 76684568 97649457 33634472 59845276 2518567
0.969 19978882 87626101 85944345 116452 5078212
0.899 35760499 20348410 93959818 44269149 52523472
0.872 69173535 94973222 65857881 64174787 58526669
0.821 97679289 9408620 72494849 30312650 443906
0.815 92511086 64701849 16267678 76134185 71847296
0.981 48173202 44753520 91514443 40644896 53769608
0.717 86848857 12169115 49037166 71756326 45642455
0.724 61691749 38917593 86945247 27262368 23705307
0.866 51561575 88682228 25636010 40113698 93399738
0.817 14330160 84639988 92454886 48219211 65297400
0.725 84931806 58785183 98693541 25429494 18782825
0.711 3404379 96601737 79583788 32008932 65663681
0.817 72551667 86356711 41302939 67066471 71664219
0.989 60305001 2203625 4971784 45538076 7523501
0.801 96772591 5746469 54426343 15862805 28410963
0.942 89565693 70211929 61521428 91010064 72016051
0.745 77758465 31270805 9668169 4949636 98711733
0.742 87755782 2558593 63246028 82996496 6147399
0.773 87078639 17520478 1928065 23118870 84914383
0.715 41250118 13058343 61228059 82037350 22909541
0.951 8584245 14271532 15324937 66725470 79856515
0.94 29604743 8470495 27198033 57205134 45277425
0.943 99043073 91053016 53956682 43518077 16213828
0.993 77304983 73267417 18432040 43163063 28619492
0.929 79602555 23279749 45030548 8485498 16206185
0.782 55721070 22555403 93455238 49650807 74277128
0.75 32701425 78112812 5462513 17900736 13417457
0.937 84851724 82200507 50483455 21173338 2097866
0.964 10834405 852226 969588 24080385 11964334
0.912 79689161 38081803 55864403 93080467 63889312
0.908 27670356 19204927 85875952 36366259 70207530
0.835 32112095 23427561 81945021 92834855 5049433
0.879 96260787 67093782 82147935 11814004 84180238
0.948 40426348 46688115 56208488 613380 74854623
0.771 15771632 71162107 12842469 83070162 48573570
0.959 72440371 68120967 29430744 62306017 84082607
0.898 37101348 7122803 26000523 15123535 20027622
0.906 63674613 66775311 23665782 21442569 89945021
0.977 7251463 86551756 48881166 38260712 28130660
0.83 44868265 82788091 60820445 5813974 14015162
0.922 72123324 23607235 21212522 3901068 65103838
0.854 9510600 31581408 96825082 59702849 79551741
0.874 56246123 26675960 90845610 43712695 30878564
0.934 43772726 30572391 13161945 31825487 99018842
0.824 26837617 50403103 29616854 9868991 63215242
0.876 7293304 58500818 19453688 29013196 81796786
0.836 51986593 50128319 18307917 61436848 96612768
0.758 48129159 36197787 27140286 45082572 17074074
0.71 76325036 8006318 37662052 18320921 14912833
0.955 61549421 56133052 22978251 46113991 29508245
0.966 81018650 21043745 85630804 82077910 22808354
0.873 74189605 30830120 11606388 55256920 70030620
0.847 29050434 79400640 63550616 62110987 37469681
0.704 57460000 98808253 33105363 33263373 43928918
0.83 29850909 79426243 19994374 77000815 681501
0.825 5935671 5376584 63169926 98445522 67674770
0.71 71285951 52924755 64326441 93503250 13153230
0.836 32280906 11152355 74958851 1667385 93034338
0.92 29260335 17812303 48104396 39700319 32086411
0.894 12177508 2138110 64395377 89796439 40914476
0.749 61643898 76555214 78337534 3276720 61047698
0.839 18605786 94373167 54406548 24822996 49716992
0.888 94476135 85013818 183025 84195455 9489004
0.815 92710981 44681905 71258920 4390822 39807633
0.828 36210517 93691353 82208524 72804407 77205978
0.938 91894205 10866138 83276088 45056176 98752140
0.98 69086760 90550388 48853980 6920612 14893677
0.815 62458605 83098685 5486060 49066128 49181804
0.753 74999585 94606541 8993381 75263692 95205618
0.932 18576512 44953500 32028739 72428426 15241453
0.895 98969476 77862305 94334073 28158070 99994450
0.928 43011925 47340158 35884163 67587480 91298487
0.827 7309497 8505267 50038218 46335527 60721529
0.846 70690141 16469781 63104323 95271137 71391010
0.903 71518649 39227057 60663511 83342668 49411699
0.94 93042827 8808386 25280389 61454824 11718382
0.724 23999716 38704726 10327693 14678711 22114547
0.783 93560777 19858055 66616115 20199508 27414797
0.856 84191586 3045436 39348536 55906603 91590630
0.862 17720413 63606441 46533319 56388890 59573887
0.921 2883305 39126722 25375292 8448940 2957704
0.962 31182544 69742280 86526415 45080697 55256328
0.874 88014684 86711527 43796105 65249732 79639062
0.9 71157706 73614224 59761289 61472671 40813240
0.87 41137063 23050166 34897610 30438156 64994010
0.812 38674340 6351040 19909634 47395084 38169110
0.837 22328873 83031143 21580852 95537812 71848989
0.786 23536332 95041070 92993996 89436783 20600381
0.748 15692379 5523254 42496800 77111463 16974987
0.832 49616555 24762712 27535486 75495759 94909970
0.71 42539471 46150365 19856736 50051795 60187134
0.862 21823481 71624345 40474667 16306114 3345404
0.821 67030603 19513094 61477186 42978923 20945115
0.701 99119118 73302419 68103287 44463735 86871612
0.912 63607213 38899945 77004412 89508156 19741209
0.94 97783491 59338400 45457454 92495742 15074747
0.919 5379569 18713077 91000738 73948598 15686844
0.792 53905855 82882398 29576862 59857441 47968550
0.728 7386489 81624673 86075527 26192555 78306842
0.858 37302753 26268513 3026428 11219199 72264474
0.955 90873909 90134958 11727533 68690958 52938641
0.758 42648731 80956358 81212170 68659862 7522583
0.973 48461306 53359331 19856967 96095030 57396933
0.811 50040550 1636220 38205125 46294407 47158074
0.792 59804203 75300576 11757289 28950113 97690823
0.966 99526159 55782199 59391930 38739802 21983567
0.942 56885794 97791776 55592149 18732457 78809974
0.879 19278938 27888268 40698994 63701495 70504712
0.996 8873909 79279578 50435319 11871327 888369
0.823 36685578 55635129 23473742 74600071 62024691
0.913 18378036 26743897 24965358 51240239 38851088
0.866 5668405 40532800 78545322 40790697 66317044
0.868 62203452 30134594 3602405 328387 20672747
0.779 85973864 85437748 63423402 16666744 87753291
0.9 38612968 55989834 24074943 66019888 92320749
0.893 3817499 16019511 37207440 66176080 8955654
0.88 48554539 77989327 64489726 75910136 58528124
0.961 84288202 92061662 63893102 93179999 16050250
0.812 98375859 77210585 2354860 34834491 21856985
0.874 19614192 42906872 61880273 93050875 18186152
0.807 7098551 36597195 48474537 56306216 85395644
0.974 47779407 6538403 38903840 39146492 71083363
0.892 10311502 68969993 26013386 84292753 24595062
0.929 80364540 22432603 72975834 43299559 42441045
0.948 91934734 40409241 36434606 91998698 93679613
0.907 12862542 71728681 77852542 47194894 19289438
0.704 69547700 37771252 50065117 65082045 55296966
0.802 21881401 13746292 29242850 20744009 67562908
0.766 25288872 74981433 82332960 92563635 70551927
0.954 95636456 73969111 94256397 15296356 56015266
0.838 10254278 15645176 17613681 2332623 64359847
0.804 92751255 48663129 18658140 59315901 80215042
0.857 45908520 23113253 95280478 40894029 3860039
0.923 15917805 29844365 17275764 93179884 19107146
0.906 41262331 16823411 28164383 17477597 10550179
0.827 14995099 10433455 2524153 64995591 57881056
0.713 14471004 4401363 88555359 68918010 79614758
0.718 15961469 33958759 5809144 8891570 40486214
0.9 12952493 16615289 80771151 27568480 78866745
0.97 24800996 90006495 47182050 3927092 12184193
0.744 37228730 77812909 46685830 47271923 21549640
0.957 97784874 82269619 32456869 67767769 76535694
0.721 77595788 1876942 70979534 29124988 96074611
0.757 37830178 23055043 72091897 581018 97354742
0.73 28724658 67671943 94993414 63715236 49185834
0.909 24847161 59010948 90399088 14404851 24273079
0.95 50951070 56920644 28759369 69021601 30541809
0.822 42181984 16591378 62532267 14806384 69756655
0.741 48486215 94587382 38691113 74777007 96923530
0.712 44038904 66265010 15532025 51644447 38065683
0.837 98807658 41876858 92213827 59586748 30316218
0.866 39002238 57440042 25338291 9342782 63844258
0.982 49317149 24064874 1716086 90484077 65987927
0.902 53199848 58795196 70150556 88388851 90800798
0.726 19242468 52990697 53770881 93286302 79263249
0.993 99513339 22645646 8685284 48816328 26720922
0.802 79854290 54262755 16476859 31255233 57002833
0.918 37382097 95763517 78103795 79678350 36637787
0.927 86413557 53718703 47794571 63864322 89479873
0.881 54283500 65032899 68640894 37432067 19780216
0.93 14500436 16400072 33647023 65678288 66742957
0.769 18066831 3989423 13368540 99025619 7093731
0.949 66858535 91014040 3590174 24037816 51356129
0.881 43883276 20499966 40634767 83478965 83648866
0.729 10269972 88728736 69786361 66060289 62548391
0.761 88864649 66826878 65800289 67752405 35120118
0.863 72548572 73366099 2371679 4241081 57768169
0.964 15989909 51489930 60413482 42219420 50511038
0.833 4829304 4410367 23738978 74714519 88504649
0.958 40673953 94765662 22031067 65965276 57805041
0.74 96062740 52221499 65425092 14681002 76350455
0.903 88594248 74327616 91989363 72396020 76800757
0.841 75464643 20979701 68006116 7480910 52530781
0.779 79328732 50707149 82804241 90796653 47347151
0.93 38176560 43014471 8244186 3777824 79250658
0.714 49178730 46825449 99597222 78378721 3610435
0.93 83906615 45802675 51079694 13066102 57465077
0.804 47964863 55288255 47146562 7576489 88750131
0.773 31490443 86984204 41889289 79528254 11400686
0.973 8791292 40924657 15364077 45311134 22787384
0.706 43770661 5016739 61862210 88284097 56703371
0.87 56528833 35784981 2738346 93409965 63042053
0.876 42481834 50699081 76551556 52385285 43274663
0.872 65546384 13429380 92726191 90611904 27636546
0.801 67480448 89575241 45572210 22364326 82520800
0.79 58517739 27079584 66699729 85287876 10109437
0.952 71918425 28733345 38568210 35588515 6379551
0.789 76976644 53959197 30317902 83828673 99708742
0.987 96328981 77603784 12714930 79438729 45209639
0.782 76024718 71278157 63789440 57325182 28150713
0.804 10289344 87447790 40513220 67731571 40253107
0.83 72470537 42057523 26853878 55608317 53995920
0.775 69171687 60831313 90135290 73492593 24239835
0.964 84267786 94399575 69286427 25036832 77422596
0.85 88691908 99617472 62719315 35961754 85621026
0.86 82466364 58213514 75982862 97524623 84122098
0.718 26930522 48892118 62073912 19829822 32262445
0.745 91980299 40302318 58436893 55064200 42768905
0.958 8647316 85084307 27321097 55356542 35827376
0.947 86710377 21553261 34419684 92188104 80696029
0.771 32008703 15241574 20127592 25758531 3718391
0.774 41680049 62298460 65146916 75138440 58536768
0.827 4966557 27110707 21388734 36602780 18311409
0.709 37281925 88405286 73914523 23620336 86475652
0.956 96968818 65208604 2672106 7425900 11264832
0.794 39994087 8533790 54627534 48779318 90150299
0.897 12120705 53270351 97205102 18865664 31680907
0.734 98580291 67142220 16192377 70055957 89149714
0.949 70499222 33797105 66632538 12112987 31954134
0.88 42065222 44196006 78426937 98950188 52338292
0.942 99852483 31667072 56756516 29260590 19364653
0.732 28737174 36849119 58985391 54811239 34132362
0.959 7506180 65814814 71601127 50292051 93901101
0.985 42478561 73248658 56878965 63733841 91635603
0.774 37276794 19449696 48720768 63783187 96055766
0.81 41362065 2828532 86623797 81311077 4672042
0.952 88882124 7337997 92701829 90140437 32168745
0.776 51632246 41509315 85758290 94035195 48701586
0.971 91972475 16381779 71794497 31726640 59378298
0.817 52744287 34297151 40384524 12113193 31602967
0.789 21505334 58900892 84738725 42571763 86493863
0.822 4547522 36780559 10750109 65993764 63228801
0.921 44657219 96285921 56689004 13474864 21520919
0.91 67959068 8907659 47225359 56488286 80814633
0.919 73514771 99023896 43858104 60835762 93309520
0.708 6992585 86083599 86113089 24661114 84578152
0.833 86046825 18265989 412827 53775923 26853654
0.888 42107027 77283822 11036999 14875109 21182569
0.775 95772930 87131540 17460780 79727494 92040260
0.823 42869025 60597948 64205127 98673130 17919382
0.778 92270241 79593852 43967101 37822197 26664193
0.725 49338378 24412762 52813894 50643036 76556525
0.767 3082993 74964625 86853189 82141673 84104500
0.769 11942232 62065617 26610839 35135941 94121678
0.956 6681756 53825994 82947099 57566435 80583348
0.778 11953600 49381407 22833506 76134053 15750520
0.704 70576741 58406016 60895638 90410409 66323560
0.736 95772900 27265709 25574404 35729141 38649601
0.924 51281039 17475058 57889258 27730181 80541748
0.765 37979220 97537105 90890722 25415894 56147435
0.754 19588118 3861862 38949039 35138129 31606345
0.885 33328672 49611937 78235926 91840773 86870487
0.837 1385159 62932224 17878463 43385340 93016047
0.819 28483372 95742330 51471888 95086974 56813149
0.921 34390017 9805359 12788187 74759271 7885602
0.716 31519884 63207479 47553566 81386202 90032116
0.99 80293348 95236331 6108500 719539 34045250
0.851 51128589 40601849 52975309 90095263 49781518
0.74 75102924 5519702 77911634 24074932 34935754
0.751 66147841 45523530 62825287 17705940 12032348
0.795 71192277 58106835 19031501 34951103 15682275
0.794 17162621 67002914 37715268 48397866 57725168
0.785 35328305 82266282 35400991 69386899 42011533
0.831 22143753 42351453 98900914 65937784 20302410
0.867 88237348 85450010 59054404 7143361 25356407
0.745 30851360 24580812 4813349 63115555 34926669
0.749 62697508 58576625 15572483 66425800 5474970
0.832 95164280 75276619 65122376 61439467 66167803
0.734 96605083 19871432 16596590 46923095 12559810
0.761 38133464 24247098 22588172 68281626 36613462
0.869 89004832 78608290 28507329 78322404 553745
0.858 76609843 24235540 55890810 10312681 33038691
0.93 90853123 12657432 44111700 3484583 38155583
0.904 91353875 16373347 52904575 50138147 79233891
0.979 14236463 43424580 20639394 3875470 10880123
0.838 94986778 88521869 64405060 60942299 84336613
0.987 79752745 88316111 779182 44214932 5885044
0.897 60814320 43609415 98186336 98558702 76391152
0.739 6534020 86388439 37977444 43375256 7453784
0.923 73438064 80838200 51189424 12421986 53533881
0.777 32223009 53541768 11970652 2753078 27947183
0.749 54008708 38243447 86861418 87787024 20687604
0.736 65880113 58030164 98769387 41621092 91934035
0.881 48190104 89324622 12899866 49319220 68807151
0.76 59786268 52088494 63946652 36034695 75572241
0.88 12109438 56711868 49423803 82391939 25012256
0.83 57179047 12475197 5427508 68899524 45868216
0.992 90790244 30095669 86920825 92105108 95782533
0.747 66481027 70770150 84498056 86869121 70421060
0.725 62843313 58700864 10627779 64103912 40318100
0.745 17151649 91847061 40320166 33373708 70208227
0.828 76307568 6405980 73953207 10272020 6052535
0.854 68538495 57030927 55434526 12681476 62365138
0.898 76299853 34008132 47708716 34206757 78593591
0.725 67571186 2183547 15292162 99390397 88795539
0.839 24455561 52741841 6074522 11179070 55868338
0.963 39949573 42137166 78813775 97186343 61068817
0.927 60390985 83726413 35577682 45813124 25124449
0.763 10498581 81074604 34805028 90383394 14271459
0.83 2404540 784780 53007123 15660291 1785713
0.752 64037945 61762034 92852660 54370473 88277293
0.99 80783964 97430179 65326787 40641125 83013580
0.944 82778089 48416197 92699123 90436326 92649605
0.903 40621889 11762188 16789227 18134687 1862394
0.757 2132081 93419892 25262608 3599088 28082305
0.844 19482265 87206603 32451191 58490538 84028236
0.957 72287324 25624104 11555280 40388512 62199925
0.744 56623671 2928205 15630838 22294301 20457766
0.922 59762583 65101884 63282209 2634395 60333053
0.876 27023185 39571601 76427662 52577566 6834659
0.8 13779264 84612181 95709697 57953597 55792417
0.955 98928976 77666600 79972230 98123701 74397493
1.0 4968366 65430674 53644191 65243366 68901438
0.877 82073508 91089265 65485030 31125867 95870425
0.718 2552775 56640491 77363548 42392689 74256721
0.719 87013391 55987241 63530347 15695520 66409428
0.887 86728786 46541891 60173215 93618803 58549800
0.706 38656152 97470140 25796821 62980385 46150415
0.831 68133743 29487949 78874216 91935665 45520344
0.977 95992406 88175428 62876614 17603804 39378681
0.917 52394739 55950146 90342931 87577092 98594280
0.808 63394367 21746728 83462271 27811066 37910765
0.907 11568480 89530801 64812367 17327046 23258738
0.76 81302255 66060051 13543068 55832475 66266658
0.791 28109613 74736526 6314854 2433447 48155542
0.964 47921617 90855719 21287665 23449822 67575794
0.71 8545050 45329991 57796900 15296699 82887892
0.768 75427873 30077607 65278845 34604301 45677542
0.935 6264794 74762274 35902065 20290817 92628429
0.962 81106361 89856875 13977705 94812063 6767531
0.978 58764105 61355706 14888885 14212564 81949659
0.883 13672496 75493830 5633042 68089422 14148036
0.75 15845657 27566472 48538289 21076551 97757385
0.788 59259530 67900294 66892907 98321450 13327047
0.746 48819941 44910261 18491507 16506561 27097261
0.832 55800998 884169 32925764 63574016 45811204
0.786 22986369 11439895 35704013 49987561 95992484
0.926 48404738 84482060 89254152 32943913 20348912
0.926 71088456 56602596 30626070 18521285 57555628
0.824 54936566 61572793 69277190 91563151 48556533
0.983 59401906 19539994 1335293 96318095 69437366
0.983 11378739 45406344 42252354 53908666 22055285
0.83 52783304 4978636 88607345 86096076 20260447
0.971 7759103 84772931 95746835 88632237 69763470
0.992 56278204 53955904 91384912 94058494 74304333
0.962 96844941 99683171 42103461 46192019 1060619
0.948 70839007 81926643 19711458 93992012 54215650
0.834 27532561 73071525 83800137 82971716 87514936
0.833 46338752 87074691 54291836 26480587 40470861
0.725 72133102 44894880 52344046 97321097 96486512
0.922 16912191 69856260 72583635 38108152 28686961
0.728 74059443 41909809 69972515 45729171 85320264
0.748 3743496 72468532 79524487 34720808 32392076
0.95 40794416 97510420 56739991 67816807 14823261
0.92 50060376 34863921 84153110 68115413 47576607
0.737 87370696 16743635 60228445 39991663 76830962
0.921 60820382 45497164 31688446 78060201 75913174
0.914 84254420 89324655 71576791 79933222 31385191
0.805 38189707 89512805 95946142 76875315 90252537
0.742 50689435 69748476 98987228 33236783 14123318
0.798 78164250 25844329 48488507 60976401 13151704
0.744 57135430 55304811 10998762 12381399 8347493
0.827 17456803 63921605 28827874 59883130 10478739
0.811 70632831 54056687 78952163 75023475 69651618
0.934 35392370 78423925 66951467 85424369 56830764
0.999 92478411 65705089 98209387 55958370 21856387
0.743 17062291 65063976 95449013 61433172 17365785
0.99 68878589 71020117 15845497 93210280 28540398
0.837 4376489 21050667 75031292 49570909 15940510
0.88 54844029 14809069 16222417 49604988 76740966
0.787 70166008 20576183 15803092 49857504 40926285
0.997 40702879 39457501 65219822 3755114 19175605
0.743 79138026 56607262 6529832 40958413 38048350
0.765 99275528 65604774 279945 16418573 73489212
0.805 5997180 56045988 64582407 76914689 41567482
0.87 45341868 50641104 63783961 96641259 81296981
0.74 18592146 67748258 85424250 61865804 60388500
0.9 19996104 97692273 43649791 11987653 83855267
0.899 54979383 51973818 31248877 53069304 45499525
0.862 89985448 59471365 98772543 37228655 86693449
0.727 22228439 94919935 3329148 76771841 84571826
0.939 94945466 41452887 75302098 86591866 16613686
0.893 11428912 25827078 83041052 72723772 77424245
0.927 76536905 70028608 25420283 63865585 67463037
0.969 16144134 88349411 71384965 24124750 2546591
0.782 27622679 32921822 94706404 77786253 59623470
0.725 71611045 81450675 43007542 53928396 79039884
0.713 3122340 45628196 58655485 24227374 55691824
0.707 70853774 42598349 51272646 34517819 12217180
0.734 13332334 72716383 22569515 38299260 19331950
0.755 12029742 20700047 41177222 54663717 91081300
0.751 82473495 43659778 24354859 3646855 95737589
0.718 52336822 13253224 42955238 19120731 55408139
0.968 34619354 50400522 16235817 6962963 27187070
0.772 80128603 78655491 31741300 66166580 68265991
0.926 51680358 15445960 36143160 8137886 42726394
0.839 54636878 8785652 64984400 3879756 54692890
0.89 2499514 36126008 74366722 78674767 90610043
0.73 74451573 87449682 16853900 40884443 76268638
0.822 11261988 85335496 67166896 27307523 19108179
0.812 22573855 32905017 72146810 56875091 74511273
0.836 134359 62364542 83312959 38822404 87652074
0.992 72871 8076555 64717944 36682099 80244451
0.775 91267759 51023340 47166514 84853379 28555376
0.876 68495121 37756962 6104857 21664929 99211455
0.86 9386546 40350996 12041357 53056925 93741595
0.737 18743541 97317755 74689357 37508257 57977016
0.763 67755826 42722031 91550045 45987725 85251058
0.778 94993146 60762792 36643203 33007935 88889317
0.995 45852776 28269460 61713222 80465362 44084785
0.705 92857872 17948365 86764149 274812 81709974
0.843 1285619 90289125 23291610 55453803 74596958
0.969 94395284 65629343 52719526 72226781 10891605
0.936 87120361 87411506 10404976 72296289 4153705
0.968 90142381 59750614 90227319 16564560 47378150
0.992 50516391 80706579 48045348 51908845 23781587
0.952 93553800 1131640 16745522 62101540 49725069
0.981 59670203 1256721 29732013 99743159 2655050
0.928 91342458 95186914 48025924 25704262 12075101
0.945 83917830 40691933 96342764 29681939 31441568
0.994 48720925 4938681 37682480 66147579 94495682
0.912 28063091 957697 26318323 85689443 53161787
0.733 37224958 76383608 67152570 66305077 22881048
0.866 88562013 99162047 75927914 90217874 91587976
0.881 23559082 8772554 78942114 17212939 8730772
0.738 76491124 30596967 70206603 97831149 36819677
0.758 90996763 3102778 93010981 90963979 71530199
0.884 91359370 75177493 60924933 262390 57326334
0.892 87245556 6960906 43352227 58055632 54609958
0.782 91291338 69564413 62624210 66514912 48515929
0.855 5833729 96800547 30138350 6303488 37303539
0.976 71458898 60245170 42445278 692467 52594409
0.758 10980204 76748329 3405363 98978082 30283277
0.993 56884191 9991216 33552306 26424359 22076343
0.799 8434795 84019584 83925634 12982357 3741017
0.844 3224383 79528133 84060174 44869326 33609390
0.774 63562365 31992031 45741665 7305854 44773484
0.856 31775196 9785926 80525899 83156815 58858430
0.929 83932889 59922335 77703269 16753912 11480272
0.992 4475312 50653117 42047653 93061696 8727939
0.935 8321798 59313284 7353632 40462762 81971952
0.888 8830219 13667066 90941162 7488001 75062345
0.716 51198088 53912988 12862118 82852868 55177982
0.77 80473708 88546660 83752957 1423586 60855827
0.815 57459379 83243271 83111718 13593293 45582551
0.895 90701132 3485913 60945151 69419139 44049408
0.876 14496399 13782772 1649345 79883050 95737424
0.72 25986503 76935230 16908967 85545512 68303134
0.777 56506603 64612320 97257257 83329195 59676465
0.756 18478117 5915081 8118989 17137020 41831217
0.875 68870570 87470361 48015538 41766978 78338313
0.966 19545414 19784909 63018412 41429578 80977513
0.803 49503523 1084726 69481912 78710632 88271886
0.903 7693044 31861591 68062865 75088096 7329266
0.827 26227100 26893461 85973808 27012825 9180999
0.802 89638670 63850736 93252004 92857327 62733686
0.88 44445587 77632976 75980240 45051587 82691963
0.79 44106502 21780851 14072446 60975394 5662934
0.849 496212 85733862 29933920 93042488 30906854
0.84 28606966 32080592 64524663 98594487 44495204
0.942 50454028 27557095 53729043 24728879 902666
0.809 9896028 48034735 4028892 74449447 15460445
0.743 59110577 26092388 84736292 78609496 48306200
0.713 3984330 26725819 26551621 38131375 23373562
0.766 35164890 96480625 23392072 45609531 74424395
0.774 26305005 2884611 23632711 35136671 13581521
0.706 90926119 18420515 50858151 87895055 14894008
0.802 28217583 40946121 61230621 32232378 49612328
0.943 88705666 22999523 70722909 83644995 58212652
0.964 8774822 15903904 19385367 17554964 25453201
0.758 50760544 93194602 50231696 42674742 80470126
0.829 85381661 32822896 6200213 82681879 78829544
0.757 71869344 39484539 19940314 43980546 33174817
0.716 37590802 16972976 68218774 78394188 65631212
0.763 10926356 63171894 89053757 82528662 8707112
0.75 52092026 86580039 68338099 50233144 66919318
0.856 24024774 43194369 95628369 50181152 70528150
0.908 96052899 66409861 63586743 36015375 78005556
0.82 78380820 87206259 4912971 27809859 29464318
0.968 60677159 31458567 53136795 29339153 41070495
0.828 50611218 76688035 21100279 50211839 34162336
0.865 18029509 11278067 39600674 59660493 69634938
0.805 78378083 5522109 62445215 68754653 83366096
