50 3 5 123456789 98765 4321 100000007 1000
1 2 3 4 5
0.736 76460539 33046464 77701200
0.878 83131979 11003626 56267415
0.897 75863473 70166708 42462441
0.98 27415205 89889098 96125636
0.794 35650176 53121477 17566185
0.902 40264926 61367643 42436584
0.979 9736572 1250299 61510041
0.886 75563727 13419256 9832887
0.861 67898694 35594597 17778019
0.98 9233013 32787299 49597086
0.785 58812137 72909480 94427530
0.791 87775215 70993218 1049999
0.9 74437458 40181935 89038526
0.731 18024248 35496015 15492573
0.967 99645480 74252420 20863865
0.782 81178885 28270233 96316277
0.803 92274302 85125977 35431319
0.852 33704923 6818112 12388090
0.89 37135391 5917225 475894
0.8 17558317 85511909 35159040
0.748 59302158 74045292 94713081
0.828 1297845 15015458 10099059
0.984 92747083 20005727 73227889
0.711 49555330 78183110 74158663
0.744 17105448 5614174 41373735
0.809 5354599 48024342 28195995
0.905 89514287 13796726 47469942
0.934 54543049 83303777 20743797
0.978 31774346 21810617 23763566
0.964 3326769 24073380 98860009
0.977 55259205 89913412 98657752
0.943 35810056 21367172 94123965
0.732 5197528 63174945 29854548
0.76 61780854 46930359 40962024
0.946 30547349 29920292 3176186
0.898 53481198 44058573 37393469
0.959 37463522 47130035 86098221
0.853 91203377 71969657 44446182
0.982 15480907 35059710 23966966
0.874 35630292 5134794 14549543
0.879 46397338 97783662 42101056
0.831 68642041 15521714 51700055
0.97 25511941 34188276 5957459
0.913 226999 69782527 72269803
0.906 99582853 98923524 90010234
0.759 57887757 9391725 89152472
0.976 83638503 42133044 89038359
0.954 96603781 40308572 68064830
0.793 54813568 43779528 54009265
0.909 74411983 17084279 25748341
0.826 50888017 90908075 23357554
0.885 40392808 54502486 73542887
0.95 40785405 38508907 28210242
0.829 77844239 81424737 87873101
0.797 59295515 59345683 90681152
0.764 63509974 98779073 22775593
0.898 38089166 69182797 89100953
0.89 44988206 12534217 31523529
0.902 30150759 26726767 19777514
0.707 32862209 63771720 82043803
0.955 9774839 61124923 55625330
0.966 77265240 26096655 96414756
0.909 66354180 53640499 32747037
0.744 92291118 744212 14305904
0.934 29372360 23607110 93403697
0.855 6740197 74813739 33446826
0.975 16288475 61265269 17896471
0.94 89600766 71287314 75017682
0.879 59401199 82228802 96539316
0.968 57276174 73534128 59849511
0.969 99811743 63709724 60407340
0.778 33183955 85585469 37220099
0.93 69967676 65041510 84120751
0.772 59038700 10399639 95770370
0.786 36468984 45076693 42910691
0.968 10814950 18572252 20244148
0.769 93140367 20509175 94813972
0.764 55682626 54707061 44410148
0.863 55804273 8357162 27760841
0.95 52274692 78393811 93351515
0.706 77267850 51053877 64019136
0.702 47212267 40079111 52343121
0.956 56240084 72238741 98600914
0.864 80967191 29600202 65529051
0.766 58496914 65181765 3895645
0.817 89774697 91152880 54266464
0.917 62732043 17129912 83517915
0.86 52884503 79442503 75751409
0.899 11267237 86268397 57527432
0.741 61968116 24391257 6749089
0.778 43936531 28408562 61028710
0.798 50885459 37346970 56581473
0.776 10993268 63123515 2601580
0.925 6990811 46970882 30094589
0.895 87477029 5403355 4164775
0.985 26757737 2735359 83394260
0.746 16941092 63560289 89853245
0.734 29254705 62415804 93880599
0.777 49512272 22520277 81321540
0.882 96416275 15372341 21980274
0.989 14508768 77669750 3446499
0.979 77282128 90912013 50372847
0.819 95967649 26619372 10200074
0.878 84187049 32594692 13676961
0.909 40477742 91839693 80585882
0.942 75958181 5512205 46600900
0.86 88787891 49737181 9255216
0.852 45799273 1698142 56379329
0.947 14165187 58186525 48612055
0.891 61705170 94933359 20534124
0.831 98488338 70027662 87302916
0.781 72232344 64893936 62394301
0.831 98116677 79520597 36023439
0.797 32949803 11631697 37437115
0.964 32730796 62372114 76483924
0.883 50867083 45150390 3852048
0.848 43622663 24406132 65437844
0.764 34675473 45679506 37535126
0.964 94111289 37080140 74597009
0.703 25643159 11490777 32394260
0.916 65575808 74514489 32255732
0.907 86691619 95541870 65876924
0.834 2314351 12489409 39491631
0.766 92850100 32655866 41098277
0.899 49529086 63519947 74285882
0.859 57110154 73871890 44398056
0.806 60900658 36361787 41154241
0.775 16194158 96809144 25848226
0.795 99707808 71922443 92632184
0.756 29042654 99133838 64988034
0.783 79133014 70415568 80099897
0.785 13492385 26054020 39761527
0.768 24084236 40569669 1898961
0.912 16989677 36817443 6109013
0.992 74270583 39209916 93605777
0.983 85613415 65884623 13769080
0.962 77049595 38163378 63001391
0.844 45728776 24744872 6895666
0.776 64119726 15312516 8770247
0.82 9943140 77446468 84482772
0.906 20364454 20024960 75543051
0.985 11432787 33311626 15898299
0.867 55857931 81378577 80010790
0.937 30291214 70138498 51053474
0.835 59421007 39910061 78990506
0.997 40987442 76320155 83352876
0.718 99333105 13318904 27888820
0.888 35520201 88641164 10896797
0.747 23328859 74087145 10075036
0.747 54830300 60465583 92525827
0.878 39092160 4380847 31068214
0.786 37945817 94353392 60939053
0.721 31329612 35507920 83893865
0.877 26550845 57061186 15405014
0.863 86924061 19997018 35652586
0.948 9584466 8004482 22269779
0.938 79865458 76397676 38736657
0.832 62907576 92432795 40814428
0.91 36540265 67172238 72475098
0.848 10796722 80267122 5350023
0.967 98587474 43261270 81029073
0.775 12257687 30725714 90502794
0.951 77201917 78802305 2784407
1.0 90232106 36173157 77342561
0.712 23513701 63149551 69654147
0.895 37333543 24359060 78561612
0.831 65998319 12246348 63083727
0.804 44735895 43091709 89943797
0.731 21585546 44265498 55250068
0.908 38683937 88930456 53747791
0.944 73832717 4925405 61045700
0.726 33876400 43389073 15558733
0.991 54247457 69067939 154493
0.897 72825679 62005415 55465150
0.716 69583757 48557203 83568503
0.927 83940940 59329732 6927215
0.761 73715012 17584297 38658617
0.831 93717532 65056916 16297533
0.709 84560158 81721371 32117961
0.913 41708177 73932360 1835355
0.866 12510327 30158811 15228493
0.838 15766039 86934122 20665654
0.85 96180870 39172995 68299645
0.912 55766169 64759996 63380266
0.773 73989546 19413516 51484043
0.757 80447099 68214937 18321839
0.959 37077298 55692629 45617282
0.98 68147397 35859307 344303
0.785 40071487 78777447 77835998
1.0 65718414 19944139 59934576
0.862 46321751 44619335 74077101
0.929 50628276 61115319 43188224
0.961 93616654 32051937 76745380
0.815 55133300 5858241 42704903
0.923 94654083 51167978 51818612
0.997 87512508 20415230 66481885
0.989 16944487 67416376 79212676
0.8 13470708 59096899 13383077
0.858 61327848 2059919 96964769
0.743 87883261 20718012 10043277
0.841 35570755 45440919 83652460
0.908 87219599 10779739 44099326
0.956 71621574 51003997 42501540
0.888 65491202 72613940 4818295
0.885 31510328 84712997 91858555
0.976 30532691 12130508 58246664
0.994 85060193 94474627 13489853
0.833 93147259 40193656 3885234
0.714 7532195 39375156 48112135
0.812 19538047 32775624 71291936
0.824 91509696 24166826 22814819
0.753 81804602 51344226 83176117
0.905 66795767 78270025 19208935
0.77 85618110 34088261 61682508
0.777 1261301 62445234 38605268
0.903 21203129 9913576 59287967
0.984 78862539 40151803 85756900
0.989 92652311 33567615 61315464
0.954 26738452 51632653 64855088
0.732 51185849 76762164 48178682
0.872 93855649 39625201 2944682
0.993 88346110 53124147 36840133
0.702 92046449 99947759 6582607
0.973 66669607 38412328 30885967
0.882 47287718 29394291 85445405
0.757 33638559 90968005 96761368
0.93 91382823 18358198 84322033
0.729 84216001 86750368 5291208
0.793 59166287 4478111 77789079
0.809 17637794 12097496 39609054
0.798 55767881 23574011 26950221
0.74 72398083 49104566 71249799
0.851 36578001 22084778 34489940
0.974 64672520 39613214 45461591
0.941 62858374 10106509 18892086
0.926 30281491 90774633 97202721
0.902 53339667 74801233 49093496
0.727 52958901 1868130 35495029
0.861 61040347 49470729 90305496
0.925 35186708 78458327 51140376
0.947 49858348 14541967 90575029
0.77 3358751 83154172 75350823
0.798 81883846 29711402 86926431
0.719 62312933 94096984 40559278
0.895 15659979 18760553 6086345
0.984 40851122 66118957 15585427
0.729 72148284 18208520 52163160
0.836 89991136 99742578 93480498
0.984 56254240 78831486 99625660
0.918 55684858 87902129 13290458
0.95 82631441 54776386 37546086
0.71 49731689 29161443 59509870
0.833 31690501 48678896 13335151
0.994 49302863 73076970 86547189
0.808 53437398 37028180 25475673
0.99 61031132 12304198 88955314
0.764 85831286 80147573 2866549
0.715 44762841 32691263 16901217
0.936 27542226 9208698 74384510
0.762 28984499 31272553 44098516
0.932 79991301 380581 37215199
0.958 19419691 17447248 72506491
0.775 23420607 14754064 88725654
0.96 17690330 1994519 48082464
0.937 31934639 79034501 43455870
0.705 35617024 7032877 17013243
0.923 70610004 15253751 8530615
0.843 48592048 68885632 79680504
0.733 67624084 29735904 82558242
0.713 88436473 69987997 40484137
0.837 4180968 8163847 64287863
0.954 57213476 92086447 14490391
0.847 59533928 9863756 10843514
0.797 19909029 8815720 16937148
0.783 84970119 78566318 73599154
0.914 51124122 80180577 71210133
0.788 67853916 81259008 57740376
0.73 94191239 15356396 87874085
0.895 73998961 96749495 28859907
0.829 30667888 55541117 45490631
0.948 53516659 55833185 97926933
0.729 57279295 41946203 89269266
0.776 20486849 92183558 63655158
0.72 11457410 12513132 57965485
0.729 99159520 50015814 17463800
0.867 78714010 75374852 75387867
0.799 16405605 55137801 47459130
0.962 56765623 96779126 6904975
0.991 80585678 41936181 47197152
0.731 68103759 28553319 20767532
0.897 30097636 14524825 46991504
0.954 49333209 15419645 37388792
0.872 57594492 75291541 83446356
0.884 86261621 74724345 3523729
0.883 88292612 93076127 35896226
0.709 36677730 94314632 41471222
0.976 47113566 819505 24347841
0.961 76010330 88227303 53792364
0.721 99451183 84982908 4114726
0.728 71200181 28874646 50491958
0.826 45754284 21127115 49667685
0.793 43537934 76181117 80023800
0.725 7061037 20881581 21127198
0.926 6679008 90458549 10949687
0.782 88843907 56910299 65184410
0.882 55590800 36663833 28933176
0.926 15276327 46328316 57702031
0.733 91028864 91064883 79609131
0.846 89541016 41395350 6095815
0.766 80440034 7352710 1031743
0.761 28351344 18419343 34295247
0.787 16104026 1037490 66757928
0.924 23581357 17339011 51030579
0.86 30884937 67144075 74990607
0.95 47535513 9673809 53293990
0.959 5677713 58548403 2515446
0.838 10450542 42018286 77277086
0.829 54280720 95227338 85918360
0.825 15458308 54362516 2799319
0.99 23068427 82963368 61753160
0.95 48567046 11828592 58614462
0.953 32657384 58475513 79036966
0.82 10555833 53118906 41644346
0.924 29738898 44703713 22566390
0.723 84989976 15304396 71216573
0.853 46892354 47123808 97627170
0.987 86629889 19822594 31711468
0.731 34355473 26477373 23286644
0.881 87980930 10113745 23776150
0.985 84281857 66319264 62270726
0.926 77774890 60251043 91420187
0.977 75764804 86300902 85268296
0.996 43380275 84183695 42431444
0.745 9165226 62937522 59352161
0.889 36866075 79379016 7539294
0.806 9957701 41662236 61974027
0.836 7635653 49491122 38530827
0.723 12119391 82545028 79736043
0.852 62104107 77890494 74399083
0.986 99176303 5505975 60362235
0.973 76726461 87488142 25265073
0.796 63837847 67292380 20248230
0.987 60468188 13891786 46095437
0.995 11318464 67719420 86721710
0.752 33251599 94975377 58754920
0.997 70339290 70162053 81846696
0.748 50043345 37969333 51998170
0.823 45414869 91120109 80246882
0.716 84676162 86879854 44915875
0.72 12684373 74888554 91050534
0.816 33822301 97137886 88122539
0.989 80893133 20182766 44743095
0.724 89068509 18982195 46952151
0.793 88054173 93748393 88870276
0.818 79865081 95138090 11370793
0.793 50557040 86368203 44087376
0.944 89941500 94332362 99156657
0.999 70651318 12543044 86707983
0.901 68248169 48563745 2446861
0.809 24194479 28748452 45866538
0.984 65266178 25770506 30406092
1.0 20796389 10356922 39700543
0.953 13574883 68140959 72446804
0.951 70669879 5066382 88842638
0.801 82950779 17589104 80161060
0.813 21776452 24272734 92992167
0.931 22218290 96795543 58743530
0.713 48895439 90779894 96581154
0.771 59619341 81952730 38242379
0.926 60254091 31407343 71673763
0.772 62950208 26040410 49370777
0.903 76560394 59135982 61965637
0.931 51254050 67498993 70794454
0.826 21751079 26802975 81156554
0.742 33554863 7003454 86057593
0.844 49823245 74429198 13769360
0.913 69244185 16733967 38260510
0.725 21516757 36613428 60306604
0.972 19776801 58716573 12309586
0.984 29801436 60549373 46920514
0.979 55686520 7148018 53211150
0.851 31645597 51830338 10952896
0.812 3783268 42773159 13298711
0.952 87236246 45001909 19602406
0.741 38504300 63411827 93425200
0.949 94695462 62962895 60210270
0.885 10633503 2550658 34349528
0.765 20068183 73659258 97607800
0.883 56808292 14923247 38668339
0.771 16354208 6408822 32002808
0.826 83592219 61352751 8429833
0.733 67085942 80092958 71947921
0.705 69172559 77181563 32472386
0.916 39093864 57611469 209961
0.884 32287985 76593187 55910756
0.756 89686286 11490910 70260907
0.992 9083764 70606503 73025444
0.852 68131950 74377016 2729224
0.817 63100462 5843091 85318289
0.816 50103798 34044361 2179995
0.807 9067690 46278607 32363373
0.92 84323222 13913528 78101741
0.921 44629892 17905932 5950635
0.806 45439043 86274567 23500064
0.949 91896538 62360629 93333565
0.844 24464938 18099607 8469210
0.915 61428713 4963880 39385195
0.76 26772387 5624520 42358553
0.98 69173614 53448727 72884346
0.842 4915156 86825515 25649468
0.786 6416148 88010774 44550177
0.782 49394697 58646621 53690013
0.923 51894582 45504725 25074182
0.849 66776459 49304469 69696025
0.78 11087928 97587203 56975380
0.724 80859912 24220459 73212334
0.788 13770458 10746667 44012664
0.898 41137177 59849800 80882505
0.915 22366682 92578665 59580374
0.805 5684813 97551376 47319709
0.884 58376726 36850196 85828117
0.994 7698469 10071854 90084776
0.891 48762794 68865239 91188948
0.748 4179623 19163535 81547054
0.903 58810561 4670638 16942307
0.72 86592295 49167775 48607028
0.815 76134287 4346684 81214453
0.746 60387584 49790013 49930790
0.833 10319387 77030477 18481124
0.859 53423225 42196099 87182566
0.784 15226815 3478029 98740608
0.756 69490594 51940566 75386435
0.735 34935501 94494355 59897763
0.764 82124765 38329479 93144504
0.975 65927774 26867482 16460116
0.741 9939096 60672142 23173544
0.97 59741812 11783073 91526995
0.99 42894344 89635939 46630633
0.913 73819367 72769008 38971765
0.967 21139996 95537400 95236039
0.978 85590648 23366099 48518659
0.853 16288992 26975128 18639738
0.771 66306502 3527782 48438711
0.866 49514418 62734149 74040798
0.739 11571646 8824561 41512297
0.819 96225198 96485052 64245343
0.858 54953237 77161840 9898653
0.738 42550733 86213226 9954260
0.835 91282683 69438885 46239991
0.739 73994695 85871687 78891300
0.755 17318510 58065043 67493234
0.973 7437386 16664623 69538491
0.746 22099899 21738837 43306792
0.98 30262109 46442431 69645282
0.968 10584397 33635675 26347197
0.891 73932683 36836194 16800072
0.888 82467167 71602209 12539748
0.851 22633927 79431184 77933054
0.746 88413629 83816177 96721692
0.971 45314533 75647532 5529005
0.948 3808225 10901547 6101779
0.985 77412924 35521514 87393186
0.763 76790955 55913331 82961108
0.892 66845536 84176528 73226170
0.787 40546385 64819756 32866956
0.941 91937914 54504816 39920898
0.836 92424149 8041391 21217198
0.832 64995086 62336371 27383505
0.802 19282885 41954112 96417034
0.796 46354851 53514837 17551135
0.928 69119463 75383550 14251766
0.796 62608888 16444612 35899440
0.835 18908276 12993840 6792127
0.787 51559717 82594562 56121095
0.774 21434525 43947691 77535841
0.916 25479101 21386576 66876068
0.999 62654864 66942394 41411602
0.849 12086184 52780072 67839607
0.837 32310051 28876195 78295121
0.806 6783418 37763008 66423575
0.879 87813295 90264187 63161098
0.786 1097552 14428014 57838146
0.74 35496951 97644479 49093843
0.929 49115280 6072331 53765155
0.715 75405783 26126192 48657117
0.866 9869264 51854861 67680031
0.835 73800569 37543473 83650068
0.904 15946545 17268907 12976369
0.818 45511258 74870921 49070856
0.926 26717096 80861208 68333267
0.82 5402922 6080513 5222944
0.741 44699966 63584863 69703656
0.837 81370909 69190008 18761086
0.798 82284610 42752377 21810655
0.818 82745294 99229764 40162553
0.878 68090664 68412668 71449442
0.847 75554415 40237208 63739005
0.945 49440148 44458225 90436763
0.733 55907088 78343175 41295819
0.939 97351367 92347655 84457912
0.708 63698420 35638891 87991930
0.935 77641510 77528776 30540334
0.916 78319168 64484744 22885741
0.857 96795521 83179531 51028283
0.744 91365617 32507072 4237322
0.872 94022325 14749927 25606639
0.706 42103092 56207740 20324759
0.824 27365878 55079923 67353073
0.932 63297813 98762406 97630257
0.719 18533117 69616482 27828932
0.868 88882576 64205866 70528349
0.813 23244151 61694994 71555103
0.803 47551594 90713544 96760856
0.904 93054937 35482091 81883092
0.845 33087238 37447604 74905122
0.79 39945150 38789478 94610202
0.762 94621922 65632882 42552488
0.844 75227370 96860153 36702849
0.786 76970753 90814700 72905845
0.814 52953249 46323191 19659692
0.787 38605090 95850421 10607151
0.804 59374716 88043078 34419327
0.924 28720823 27121108 72286705
0.781 75432781 93438530 36456416
0.741 82634772 99440703 78763056
0.772 6813620 89903592 71275182
0.768 31250794 7045237 13448342
0.824 96282168 63404979 13494908
0.904 18450513 695441 73867070
0.993 21198492 54614193 87629787
0.981 63847325 64082055 87313825
0.76 38553376 43106399 38307798
0.894 12007214 87550053 77058874
0.77 99144826 97055211 5006085
0.974 23496796 56087572 23593960
0.98 4877451 53283709 66489301
0.756 38851599 5028625 1243818
0.79 80904160 14401654 44968591
0.785 86075494 72920556 70372842
0.848 18012011 67674279 62816684
0.782 15119192 44383668 21809610
0.919 87011385 34529507 96448614
0.756 98867180 45246430 39597485
0.87 25925669 23554528 82000924
0.957 54423996 57405358 69159799
0.798 53798927 89826000 12802372
0.755 18872606 64082804 43433080
0.981 916723 35002007 51482483
0.771 35835371 44241559 40526484
0.875 76890296 1534878 35105069
0.896 92981826 31715995 8338186
0.9 62464258 41178850 21436829
0.822 67447155 94429826 41738753
0.907 85726382 39599276 49330907
0.884 29410942 17927298 64180488
0.746 81300905 50147077 55813853
0.911 63193474 72144402 89133246
0.948 33214247 91313946 79968863
0.962 10988446 70532309 59961498
0.858 48557943 10482769 75721444
0.734 73504237 67845324 27133023
0.872 20112846 22083803 44039203
0.956 59302835 15601471 91307681
0.762 78268756 65609379 12205980
0.97 59791674 7467311 60858653
0.74 55757342 61310453 75686878
0.717 62059365 90297353 41361818
0.917 53143336 34152669 404729
0.924 77619624 9801857 6078694
0.827 94004067 8557710 72633735
0.998 9263592 63360324 4259382
0.786 24156684 18176954 86104027
0.993 86688655 56420024 50259293
0.998 51335545 60201634 50666702
0.813 91634516 88824290 72383656
0.74 46676884 15922674 23954324
0.998 52755436 70980044 17092236
0.918 29888974 466177 3051483
0.994 62143331 90395620 96515159
0.863 71394920 50905625 30824989
0.774 46460773 20820038 36997080
0.757 97311066 15145751 4324134
0.943 56269520 82533595 2099943
0.772 9031632 13542127 79717834
0.71 80233330 90197485 94393484
0.962 32847661 99393741 5937353
0.821 31452485 72445335 29161379
0.926 7575790 18808678 67631755
0.998 31428626 98182614 77324220
0.796 80251151 90265703 43038943
0.771 19228089 88612211 69961132
0.766 40332555 36930534 8181595
0.867 79412216 98678498 23505978
0.888 57337891 74605013 66521096
0.714 46226575 86344420 90106068
0.814 70392240 42779814 93456932
0.825 20027648 40250352 50527631
0.755 72199509 63554620 32342202
0.955 40364158 94969350 19374563
0.942 7734153 75482164 55388634
0.99 74797762 71134297 17997624
0.817 34224936 27291394 44327148
0.894 60369365 49805178 12410307
0.861 25566010 6917129 36032304
0.813 81197624 80922827 5307982
0.962 25254849 78864147 97214603
0.901 29127464 64343201 28036618
0.961 44689713 40693207 2058055
0.764 25504548 99519117 15745913
0.924 64279671 32560305 93365379
0.881 27449289 53235053 32122457
0.866 37991562 51091554 62579077
0.86 48219001 41395738 35106207
0.808 66743428 62546007 13234972
0.941 96960708 63013937 42980983
0.974 49755172 41999682 55556767
0.714 29698906 99489210 19585415
0.705 74264220 78387434 77731247
0.916 39620038 20456313 26332415
0.799 50981231 76475853 32981324
0.85 87859993 91918556 45307111
0.777 65581613 97114303 86126771
0.922 61851421 22579937 98351024
0.938 22718459 18784915 96678845
0.864 24702473 72764376 86142207
0.987 70322629 4539747 9976458
0.984 89686372 6511491 856822
0.824 84651342 31062464 9122502
0.912 1226946 29356057 67878323
0.837 8113477 82924441 85594482
0.9 82747827 64854563 88487646
0.846 887495 71432350 74040345
0.823 2244945 71057233 96931066
0.782 38478684 2300840 67406294
0.944 90467171 57790557 24060788
0.732 12927031 70381817 19984682
0.772 83185576 70659726 33878996
0.945 35879718 53270536 10605783
0.812 54496076 61605634 75833309
0.773 93581474 30314047 40261914
0.905 10820219 87742922 87227356
0.928 12549425 54395532 50903955
0.813 63888323 7531619 85462880
0.703 23002714 11097943 67089857
0.954 86557984 44462389 75947990
0.993 12799248 70888325 5711200
0.769 92917283 76072480 63820568
0.781 9978827 91862470 37631028
0.97 75633013 88329927 4416002
0.754 42209421 2101593 27804291
0.876 95658504 53458386 10326375
0.79 75693188 32275631 76060638
0.95 52231715 90870094 72553061
0.8 99286916 18783850 92517694
0.917 67215278 46420476 7207013
0.729 31157840 10202996 45713584
0.882 82391596 79941241 53244581
0.991 43805532 3976288 85110541
0.782 60471823 65847681 30620216
0.807 50388958 57961650 24929311
0.904 88673882 51012496 11501669
0.932 39645162 33077929 95711807
0.722 35966597 20699187 51002735
0.914 85080736 20706693 99274852
0.817 48412365 14301022 12283664
0.702 41374957 59691437 48307308
0.928 13721268 17784789 11716836
0.756 60242778 74757265 74455942
0.854 13863742 3524813 12028437
0.806 12490873 80117857 80268079
0.935 51705758 1656329 39171088
0.824 11368176 97286893 75099723
0.972 32580349 76767229 69941466
0.751 51100987 22750139 18634797
0.781 36024950 66185975 19587040
0.719 58341261 37038975 56519399
0.79 10324210 48469365 33782566
0.983 96757486 83890601 66545476
0.878 26246038 61453148 14357588
0.741 908300 53108878 44589439
0.952 50987966 44230340 59085720
0.8 87380687 79778067 18270317
0.79 80961645 93320552 26957830
0.844 23842070 53450811 42833932
0.787 93275652 84946730 65901885
0.99 32537638 43739710 50473288
0.784 52738860 48991556 15285764
0.98 26816708 79487366 73233096
0.754 73833059 3612618 97604925
0.838 95075416 28138531 58848427
0.939 92990777 9282319 54914054
0.902 18680305 85004924 40645509
0.773 88404247 20688754 95997403
0.827 50598851 9927432 60272714
0.997 64321792 78147469 53795149
0.86 92839592 56143368 72966824
0.711 48255231 94171759 72062301
0.878 11406082 14679315 33316996
0.897 47648477 22325574 86838849
0.884 75594147 86574622 90928738
0.894 44506155 57774765 14219637
0.703 34727276 29796480 68541804
0.924 74892608 77915846 92296754
0.873 59831384 50213478 52497139
0.839 91208393 78999206 92668926
0.85 46300738 3296743 64796438
0.731 55831276 11523236 15578562
0.949 97999171 19015320 46751880
0.794 61113711 27765262 69942848
0.845 63909453 13102741 58809636
0.917 60726434 42803305 9015987
0.79 95399141 15446483 3031322
0.955 86969050 14678410 90884102
0.94 99386816 32737441 69255529
0.752 21493051 44424679 75141654
0.828 62015859 31119124 54364546
0.889 25016429 85963619 88222374
0.83 3918120 98970591 82424037
0.965 60340936 79484162 57653606
0.817 94588013 28829445 27619925
0.784 94457033 8397164 77490324
0.731 72060023 25093324 49095909
0.798 61411378 15294777 35212476
0.901 65697427 70828710 85779702
0.794 52162278 82048427 52686364
0.876 46697654 47242616 61453007
0.885 90407566 94756153 39922369
0.976 79211057 11375216 90209088
0.74 15819123 32020689 40987410
0.735 50104292 93071477 18972822
0.853 56135102 80050918 18504235
0.872 56779304 24931439 65319770
0.891 93070991 86605343 23251181
0.866 65718640 38766747 18830282
0.756 60532325 83135800 7195581
0.96 1286267 65043108 18325379
0.759 51532114 75374270 67838742
0.896 54913082 91898431 65998330
0.825 59572772 65592138 22448383
0.725 4142053 29598969 39203644
0.71 30177972 72156607 38744673
0.75 61380637 75920319 99659112
0.932 66479831 73782999 68559218
0.734 15328557 35955440 72894477
0.947 49239353 72751830 5584869
0.928 59239219 73330295 29332201
0.997 13746101 98782730 87734330
0.925 39957816 4325890 60362053
0.779 11674661 58930964 15755285
0.933 31802361 28169370 99000738
0.876 47060874 95395781 81907952
0.89 22277675 82698414 18687800
0.935 27775381 7966873 76514083
0.805 37726592 80108882 72312290
0.751 94496496 39276764 38833650
0.872 69043610 91174010 12780905
0.741 55243509 7957216 37221734
0.96 17030641 94143874 17809465
0.775 95481800 43231088 33226234
0.928 90762665 52707402 65694038
0.743 84879557 36066605 84263610
0.824 60665302 10135622 85044078
0.938 12494970 54069715 69204468
0.925 93241540 49535894 61028216
0.985 43928023 78108751 331931
0.961 98344554 12501261 98104023
0.992 85206855 89139874 93588542
0.807 8500100 71729237 53380520
0.765 57665720 28434222 66399516
0.781 38063218 45332729 73458776
0.873 75986307 65140950 46135950
0.968 6497381 6166355 13364695
0.888 61684020 2185246 16674831
0.979 21204188 59228397 61272827
0.7 57418250 27154689 92421237
0.973 87241147 40515702 21337593
0.962 36778269 12527880 87857309
0.808 11062296 49908025 89188862
0.971 22216400 6950770 53196064
0.888 97440508 93877431 31426254
0.829 12240547 94448752 12775337
0.7 63995913 10460758 17810664
0.878 69718627 91265736 59735865
0.703 93361463 46113741 16185823
0.996 56682016 93151264 17740248
0.843 30728728 51414775 11989814
0.919 13747542 13851475 42057323
0.81 40165370 18405182 51367949
0.932 17870584 86110892 90883800
0.743 71203615 75603667 1137460
0.883 22027350 59069144 47135617
0.917 84299475 20317091 55258766
0.885 59375757 29158087 11635070
0.969 18792245 16529882 79131271
0.919 47182314 57631581 42211967
0.937 33257324 37173969 86519508
0.725 74275638 80664728 80531692
0.916 38241423 92674130 3600310
0.954 88369672 40486688 27574457
0.855 68386961 25319707 52579931
0.789 7324144 32123815 66422705
0.816 32357445 67052833 85641960
0.878 70905413 1619606 48465780
0.98 17714442 51920550 76286724
0.826 73330690 91662930 23188838
0.929 9796799 2240013 78834594
0.72 35189912 28956527 5345470
0.977 53415303 67996124 38451741
0.889 67249653 55758338 56851305
0.911 11063273 85971459 72016510
0.861 20492422 37241089 11220209
0.793 68626154 27272705 20854365
0.861 52443094 78710263 85133532
0.929 87219985 91409746 86322745
0.72 93774689 58718382 97973354
0.986 32029368 7772004 32813517
0.726 58315400 15567455 60850538
0.884 7385816 41512209 89399687
0.923 99409458 23574794 16031369
0.704 18416255 94153684 1523452
0.749 46533974 70196591 69420474
0.935 96739510 34795538 22409388
0.812 36072958 98372982 15845304
0.931 3940129 44964418 57622968
0.782 8572753 35292504 95606407
0.993 84226031 10344164 66591799
0.837 48335011 7440911 67056519
0.958 22398441 49350218 21113788
0.777 13811663 77029205 90478912
0.917 30655922 99425803 68293320
0.701 1649277 32823140 6171536
0.842 51402634 20144023 24019729
0.979 4746418 74204255 95834249
0.922 56286795 30133935 43191535
0.774 96675408 42940967 36407626
0.948 76710258 50037465 16025721
0.851 7069536 24071191 29955391
0.941 6164431 53811222 9251149
0.963 37890586 41701149 43929586
0.726 61303434 1069604 49515518
0.76 75672859 40790016 99264208
0.887 62267186 49428849 79415412
0.992 26229153 98309564 73357939
0.928 32900372 20208677 856024
0.98 3209180 31272427 72684966
0.804 93074733 1287794 44965270
0.7 88221829 50502752 99063777
0.918 13951801 27540722 71110496
0.995 56346728 66038997 8038980
0.992 19109045 95516378 37557512
0.728 31067722 69760901 55439545
0.91 49995026 61533194 11395409
0.874 67837366 17919925 85525640
0.946 10043577 79442904 76211608
0.719 88911718 17543369 31778964
0.788 42279780 52741214 94049798
0.95 43788744 42688984 60768130
0.782 10024377 27207628 18268622
0.934 78478184 14626086 20858851
0.732 60339827 62552858 42148834
0.822 71930575 48088526 27868462
0.836 62189327 35568761 16094525
0.727 92080722 40831043 94583877
0.909 5412975 28859601 43995720
0.744 95449930 33315361 47746984
0.819 6570040 90890014 40109721
0.778 23336132 4171767 54276605
0.956 74618850 73835976 33534652
0.728 13677772 18762704 16301180
0.704 29835008 17544302 26592965
0.947 49961172 92111648 84597104
0.981 11279580 78158177 78667527
0.778 10064609 2925970 8653290
0.759 86702893 59516344 17286109
0.728 44499873 16445384 5730602
0.983 6796477 22547129 77025433
0.83 97231462 53015826 66588957
0.709 91699285 57265875 23193791
0.806 25118997 36907428 37561442
0.834 19948970 4650569 82423989
0.886 32988674 86876236 39608344
0.85 73912181 64294443 8184472
0.726 51407440 18419506 56268745
0.76 70573568 33440045 84658420
0.998 72968364 2621269 51338023
0.935 48199211 64382155 73083942
0.934 46175477 75920407 67430081
0.796 36297263 24134478 3498112
0.796 29396392 3933043 37706144
0.718 63308406 71059199 47973830
0.93 31240803 21424479 13439803
0.774 32366980 35772648 71630600
0.945 98926537 7503932 29448924
0.873 52133188 47621071 23315234
0.753 79526622 42681823 99066789
0.909 79398174 3785821 94415847
0.91 76188876 75645982 19072646
0.869 25264294 66065552 72762732
0.793 65825262 5095407 12114140
0.717 80753812 29368039 2674689
0.858 91737 44524582 82427773
0.76 17514010 45735904 96225740
0.753 43431355 7993466 2941099
0.744 94582741 19012298 14887509
0.954 48974686 9735027 50142505
0.911 88870866 53095937 78653825
0.73 40502233 43299069 18314232
0.993 98294624 58635481 85800828
0.988 87131500 42585056 23381086
0.912 75427317 93088100 82370625
0.936 29962391 89326148 79047551
0.944 50785855 41181116 98515137
0.907 17092408 23851602 97822035
0.701 94221978 76884584 52559853
0.955 76166246 4346338 24438599
0.881 82058189 29648058 85851936
0.87 66596831 18876833 44448673
0.924 31943272 46548066 42885071
0.75 11908603 95155780 89929175
0.892 45063530 59945655 1529494
0.78 33492807 93036518 9099261
0.805 14500158 96692275 171954
0.714 58816911 98325826 56324902
0.991 55568711 66180344 50829941
0.805 50378298 13613510 64355957
0.937 77585294 87371655 92229108
0.768 60570772 9893106 4484588
0.788 42777459 35047967 14055958
0.722 22831133 50393104 21596235
0.92 73423305 12496299 45358959
0.878 82362000 64791834 94557013
0.709 87729428 22145548 81512791
0.967 21086112 7188130 13590593
0.799 25499255 54932613 93576157
0.866 97975452 72494408 35603234
0.898 39916439 31883191 12873617
0.715 76741644 73774469 65893962
0.746 48429638 512117 57392300
0.726 88854850 83898287 80559564
0.844 13017361 3454186 27776759
0.751 39166271 10997276 63561576
0.953 41386492 53347164 63209094
0.847 88723294 35568288 12232184
0.893 52013009 24814337 49797531
0.966 49580252 25042738 59830944
0.713 59020960 62419022 35353058
0.768 36045780 75731895 8273096
0.745 93478748 89586100 12979206
0.726 46142898 72672055 55564347
0.991 79151743 30536245 74303190
0.718 51956500 70139805 56187845
0.99 92216696 63729850 76868410
0.964 63922841 40111251 10597167
0.818 95872488 4661179 67390918
0.871 69366056 76703472 90937192
0.995 19790089 16143959 60269093
0.752 22436477 28439415 25867257
0.738 56824417 10518444 91687548
0.831 84184877 19847882 79865944
0.777 97590113 8994192 11680625
0.816 53332084 74095459 43771998
0.957 69751366 61492815 1659440
0.936 83625419 78863127 70137085
0.935 15102023 55625517 20084652
0.744 78911183 78205594 13449152
0.977 75522135 13554707 38398732
0.96 46153339 55148727 35451818
0.815 65174087 76775659 81733516
0.842 23112256 36965460 54086249
0.743 81692326 91377155 93101637
0.821 53122402 44492381 92679187
0.771 63782705 36048781 49988144
0.706 40675347 41734908 37627490
0.953 93440079 91919283 13182514
0.992 30595926 18036919 40329802
0.992 59473299 43066216 36160937
0.919 81198924 86644900 11983878
0.756 28372352 54649480 99447927
0.845 69323646 50185378 7543817
0.855 21336920 8806960 41758234
0.913 54141437 18206610 70368504
0.964 3885356 23318633 25872271
0.963 26941091 7734634 33486016
0.71 6785951 48368724 94574367
0.76 49439358 62306347 67796914
0.819 16625933 91425675 4102122
0.773 65603845 79731181 59874989
0.753 63697356 78769733 73998759
0.805 21946425 34716747 92455954
0.727 3684342 51883966 6664050
0.749 76807176 28765353 29709238
0.894 90958716 27746963 36115786
0.895 68891441 2691381 91563298
0.703 17758896 86888739 23246598
0.88 1135982 30033905 33875271
0.883 40998106 95662408 95209787
0.893 56882385 50529679 46802956
0.838 29287523 62639147 40553227
0.903 83698993 53304911 78448538
0.731 68654208 88899843 50228268
